0	0
0.01	0.0099985
0.02	0.019988
0.03	0.0299595
0.04	0.0399041
0.05	0.0498127
0.06	0.0596765
0.07	0.0694866
0.08	0.0792342
0.09	0.0889105
0.1	0.0985067
0.11	0.108014
0.12	0.117425
0.13	0.126729
0.14	0.13592
0.15	0.144989
0.16	0.153926
0.17	0.162726
0.18	0.171379
0.19	0.179877
0.2	0.188214
0.21	0.196382
0.22	0.204372
0.23	0.212179
0.24	0.219795
0.25	0.227213
0.26	0.234426
0.27	0.241429
0.28	0.248214
0.29	0.254776
0.3	0.261109
0.31	0.267207
0.32	0.273064
0.33	0.278675
0.34	0.284036
0.35	0.289141
0.36	0.293986
0.37	0.298566
0.38	0.302878
0.39	0.306917
0.4	0.31068
0.41	0.314163
0.42	0.317363
0.43	0.320278
0.44	0.322905
0.45	0.325241
0.46	0.327285
0.47	0.329033
0.48	0.330486
0.49	0.331641
0.5	0.332498
0.51	0.333056
0.52	0.333314
0.53	0.333272
0.54	0.33293
0.55	0.332288
0.56	0.331348
0.57	0.330109
0.58	0.328573
0.59	0.326741
0.6	0.324616
0.61	0.322198
0.62	0.31949
0.63	0.316495
0.64	0.313215
0.65	0.309653
0.66	0.305813
0.67	0.301697
0.68	0.29731
0.69	0.292655
0.7	0.287736
0.71	0.282559
0.72	0.277128
0.73	0.271447
0.74	0.265522
0.75	0.259358
0.76	0.25296
0.77	0.246335
0.78	0.239488
0.79	0.232426
0.8	0.225154
0.81	0.21768
0.82	0.21001
0.83	0.202151
0.84	0.19411
0.85	0.185895
0.86	0.177512
0.87	0.168969
0.88	0.160274
0.89	0.151435
0.9	0.14246
0.91	0.133356
0.92	0.124133
0.93	0.114798
0.94	0.105359
0.95	0.095826
0.96	0.0862065
0.97	0.0765093
0.98	0.0667433
0.99	0.0569173
1	0.04704
1.01	0.0371204
1.02	0.0271674
1.03	0.0171899
1.04	0.007197
1.05	-0.00280241
1.06	-0.0127993
1.07	-0.0227847
1.08	-0.0327495
1.09	-0.0426849
1.1	-0.0525819
1.11	-0.0624315
1.12	-0.072225
1.13	-0.0819535
1.14	-0.0916082
1.15	-0.10118
1.16	-0.110662
1.17	-0.120043
1.18	-0.129317
1.19	-0.138474
1.2	-0.147507
1.21	-0.156407
1.22	-0.165166
1.23	-0.173776
1.24	-0.18223
1.25	-0.19052
1.26	-0.198639
1.27	-0.206579
1.28	-0.214333
1.29	-0.221894
1.3	-0.229255
1.31	-0.23641
1.32	-0.243353
1.33	-0.250076
1.34	-0.256574
1.35	-0.262842
1.36	-0.268873
1.37	-0.274661
1.38	-0.280203
1.39	-0.285493
1.4	-0.290525
1.41	-0.295296
1.42	-0.299802
1.43	-0.304037
1.44	-0.307999
1.45	-0.311684
1.46	-0.315089
1.47	-0.318209
1.48	-0.321044
1.49	-0.323589
1.5	-0.325843
1.51	-0.327804
1.52	-0.32947
1.53	-0.33084
1.54	-0.331912
1.55	-0.332685
1.56	-0.333159
1.57	-0.333332
1.58	-0.333206
1.59	-0.33278
1.6	-0.332055
1.61	-0.331031
1.62	-0.329708
1.63	-0.32809
1.64	-0.326175
1.65	-0.323968
1.66	-0.321468
1.67	-0.31868
1.68	-0.315605
1.69	-0.312245
1.7	-0.308605
1.71	-0.304687
1.72	-0.300495
1.73	-0.296032
1.74	-0.291303
1.75	-0.286312
1.76	-0.281063
1.77	-0.275561
1.78	-0.269811
1.79	-0.263818
1.8	-0.257588
1.81	-0.251126
1.82	-0.244438
1.83	-0.237531
1.84	-0.230409
1.85	-0.22308
1.86	-0.21555
1.87	-0.207827
1.88	-0.199916
1.89	-0.191825
1.9	-0.183562
1.91	-0.175133
1.92	-0.166547
1.93	-0.157811
1.94	-0.148933
1.95	-0.139921
1.96	-0.130783
1.97	-0.121528
1.98	-0.112163
1.99	-0.102697
2	-0.0931385
2.01	-0.0834963
2.02	-0.073779
2.03	-0.0639953
2.04	-0.054154
2.05	-0.044264
2.06	-0.0343341
2.07	-0.0243733
2.08	-0.0143906
2.09	-0.00439499
2.1	0.00560462
2.11	0.0155992
2.12	0.0255797
2.13	0.0355372
2.14	0.0454627
2.15	0.0553474
2.16	0.0651822
2.17	0.0749583
2.18	0.084667
2.19	0.0942995
2.2	0.103847
2.21	0.113301
2.22	0.122653
2.23	0.131895
2.24	0.141018
2.25	0.150015
2.26	0.158876
2.27	0.167594
2.28	0.176162
2.29	0.18457
2.3	0.192813
2.31	0.200883
2.32	0.208771
2.33	0.216472
2.34	0.223977
2.35	0.231282
2.36	0.238378
2.37	0.245259
2.38	0.25192
2.39	0.258354
2.4	0.264556
2.41	0.27052
2.42	0.27624
2.43	0.281711
2.44	0.286929
2.45	0.291889
2.46	0.296586
2.47	0.301016
2.48	0.305175
2.49	0.30906
2.5	0.312667
2.51	0.315992
2.52	0.319033
2.53	0.321786
2.54	0.32425
2.55	0.326423
2.56	0.328301
2.57	0.329884
2.58	0.33117
2.59	0.332159
2.6	0.332848
2.61	0.333237
2.62	0.333327
2.63	0.333117
2.64	0.332607
2.65	0.331798
2.66	0.33069
2.67	0.329285
2.68	0.327583
2.69	0.325586
2.7	0.323297
2.71	0.320716
2.72	0.317847
2.73	0.314692
2.74	0.311253
2.75	0.307535
2.76	0.303539
2.77	0.299271
2.78	0.294733
2.79	0.28993
2.8	0.284866
2.81	0.279546
2.82	0.273974
2.83	0.268156
2.84	0.262096
2.85	0.2558
2.86	0.249275
2.87	0.242524
2.88	0.235556
2.89	0.228376
2.9	0.22099
2.91	0.213405
2.92	0.205628
2.93	0.197666
2.94	0.189526
2.95	0.181216
2.96	0.172743
2.97	0.164114
2.98	0.155337
2.99	0.146421
3	0.137373
3.01	0.128201
3.02	0.118914
3.03	0.10952
3.04	0.100027
3.05	0.0904444
3.06	0.0807803
3.07	0.0710435
3.08	0.0612428
3.09	0.0513869
3.1	0.0414848
3.11	0.0315454
3.12	0.0215776
3.13	0.0115903
3.14	0.00159267
3.15	-0.00840643
3.16	-0.018398
3.17	-0.028373
3.18	-0.0383224
3.19	-0.0482374
3.2	-0.0581089
3.21	-0.0679282
3.22	-0.0776863
3.23	-0.0873745
3.24	-0.0969841
3.25	-0.106506
3.26	-0.115933
3.27	-0.125255
3.28	-0.134464
3.29	-0.143553
3.3	-0.152512
3.31	-0.161334
3.32	-0.170011
3.33	-0.178534
3.34	-0.186898
3.35	-0.195092
3.36	-0.203112
3.37	-0.210948
3.38	-0.218595
3.39	-0.226045
3.4	-0.233292
3.41	-0.240328
3.42	-0.247148
3.43	-0.253746
3.44	-0.260116
3.45	-0.266251
3.46	-0.272147
3.47	-0.277798
3.48	-0.283199
3.49	-0.288345
3.5	-0.293232
3.51	-0.297855
3.52	-0.302209
3.53	-0.306292
3.54	-0.310099
3.55	-0.313627
3.56	-0.316873
3.57	-0.319833
3.58	-0.322506
3.59	-0.324889
3.6	-0.326979
3.61	-0.328775
3.62	-0.330275
3.63	-0.331477
3.64	-0.332382
3.65	-0.332987
3.66	-0.333293
3.67	-0.333299
3.68	-0.333004
3.69	-0.332411
3.7	-0.331518
3.71	-0.330326
3.72	-0.328838
3.73	-0.327053
3.74	-0.324974
3.75	-0.322603
3.76	-0.319941
3.77	-0.316991
3.78	-0.313757
3.79	-0.310239
3.8	-0.306443
3.81	-0.302371
3.82	-0.298026
3.83	-0.293414
3.84	-0.288537
3.85	-0.283401
3.86	-0.27801
3.87	-0.272368
3.88	-0.266482
3.89	-0.260355
3.9	-0.253995
3.91	-0.247405
3.92	-0.240593
3.93	-0.233565
3.94	-0.226326
3.95	-0.218884
3.96	-0.211245
3.97	-0.203415
3.98	-0.195403
3.99	-0.187214
4	-0.178858
4.01	-0.17034
4.02	-0.161669
4.03	-0.152852
4.04	-0.143898
4.05	-0.134815
4.06	-0.12561
4.07	-0.116292
4.08	-0.106869
4.09	-0.0973504
4.1	-0.087744
4.11	-0.0780586
4.12	-0.068303
4.13	-0.0584859
4.14	-0.0486162
4.15	-0.0387027
4.16	-0.0287545
4.17	-0.0187803
4.18	-0.00878921
4.19	0.00120976
4.2	0.0112077
4.21	0.0211955
4.22	0.0311642
4.23	0.0411049
4.24	0.0510086
4.25	0.0608663
4.26	0.0706694
4.27	0.0804088
4.28	0.0900758
4.29	0.0996618
4.3	0.109158
4.31	0.118556
4.32	0.127848
4.33	0.137024
4.34	0.146077
4.35	0.154998
4.36	0.16378
4.37	0.172415
4.38	0.180895
4.39	0.189211
4.4	0.197358
4.41	0.205327
4.42	0.213111
4.43	0.220703
4.44	0.228097
4.45	0.235285
4.46	0.242262
4.47	0.24902
4.48	0.255555
4.49	0.261859
4.5	0.267928
4.51	0.273756
4.52	0.279337
4.53	0.284667
4.54	0.289741
4.55	0.294554
4.56	0.299102
4.57	0.303381
4.58	0.307387
4.59	0.311116
4.6	0.314565
4.61	0.317731
4.62	0.320611
4.63	0.323203
4.64	0.325504
4.65	0.327512
4.66	0.329225
4.67	0.330642
4.68	0.331761
4.69	0.332582
4.7	0.333103
4.71	0.333325
4.72	0.333246
4.73	0.332868
4.74	0.33219
4.75	0.331214
4.76	0.329939
4.77	0.328367
4.78	0.3265
4.79	0.324339
4.8	0.321886
4.81	0.319143
4.82	0.316113
4.83	0.312799
4.84	0.309203
4.85	0.305329
4.86	0.30118
4.87	0.296761
4.88	0.292074
4.89	0.287124
4.9	0.281916
4.91	0.276454
4.92	0.270743
4.93	0.264789
4.94	0.258596
4.95	0.252171
4.96	0.245518
4.97	0.238645
4.98	0.231557
4.99	0.224261
5	0.216763
5.01	0.209069
5.02	0.201188
5.03	0.193125
5.04	0.184889
5.05	0.176487
5.06	0.167925
5.07	0.159212
5.08	0.150357
5.09	0.141365
5.1	0.132247
5.11	0.123009
5.12	0.113661
5.13	0.104211
5.14	0.0946667
5.15	0.0850373
5.16	0.0753314
5.17	0.0655576
5.18	0.0557249
5.19	0.045842
5.2	0.0359179
5.21	0.0259615
5.22	0.0159817
5.23	0.00598747
5.24	-0.00401211
5.25	-0.0140081
5.26	-0.0239914
5.27	-0.0339532
5.28	-0.0438844
5.29	-0.0537762
5.3	-0.0636195
5.31	-0.0734056
5.32	-0.0831256
5.33	-0.0927708
5.34	-0.102333
5.35	-0.111802
5.36	-0.121171
5.37	-0.130431
5.38	-0.139574
5.39	-0.148591
5.4	-0.157474
5.41	-0.166216
5.42	-0.174807
5.43	-0.183242
5.44	-0.191512
5.45	-0.199609
5.46	-0.207527
5.47	-0.215258
5.48	-0.222795
5.49	-0.230132
5.5	-0.237262
5.51	-0.244178
5.52	-0.250874
5.53	-0.257345
5.54	-0.263584
5.55	-0.269586
5.56	-0.275345
5.57	-0.280857
5.58	-0.286115
5.59	-0.291116
5.6	-0.295856
5.61	-0.300329
5.62	-0.304531
5.63	-0.30846
5.64	-0.312111
5.65	-0.315481
5.66	-0.318567
5.67	-0.321367
5.68	-0.323877
5.69	-0.326096
5.7	-0.328022
5.71	-0.329652
5.72	-0.330985
5.73	-0.332021
5.74	-0.332758
5.75	-0.333195
5.76	-0.333333
5.77	-0.333171
5.78	-0.332708
5.79	-0.331947
5.8	-0.330886
5.81	-0.329528
5.82	-0.327874
5.83	-0.325924
5.84	-0.323681
5.85	-0.321146
5.86	-0.318323
5.87	-0.315213
5.88	-0.31182
5.89	-0.308146
5.9	-0.304194
5.91	-0.299969
5.92	-0.295474
5.93	-0.290713
5.94	-0.28569
5.95	-0.28041
5.96	-0.274878
5.97	-0.269099
5.98	-0.263077
5.99	-0.256819
6	-0.250329
6.01	-0.243614
6.02	-0.23668
6.03	-0.229533
6.04	-0.22218
6.05	-0.214626
6.06	-0.206879
6.07	-0.198946
6.08	-0.190835
6.09	-0.182551
6.1	-0.174103
6.11	-0.165498
6.12	-0.156745
6.13	-0.14785
6.14	-0.138822
6.15	-0.12967
6.16	-0.1204
6.17	-0.111023
6.18	-0.101545
6.19	-0.0919763
6.2	-0.0823246
6.21	-0.0725988
6.22	-0.0628076
6.23	-0.05296
6.24	-0.0430646
6.25	-0.0331306
6.26	-0.0231667
6.27	-0.0131819
6.28	-0.0031853
6.29	0.00681418
6.3	0.0168075
6.31	0.0267857
6.32	0.0367399
6.33	0.0466609
6.34	0.05654
6.35	0.0663681
6.36	0.0761366
6.37	0.0858365
6.38	0.0954592
6.39	0.104996
6.4	0.114438
6.41	0.123778
6.42	0.133005
6.43	0.142114
6.44	0.151094
6.45	0.159938
6.46	0.168639
6.47	0.177187
6.48	0.185577
6.49	0.193799
6.5	0.201847
6.51	0.209713
6.52	0.21739
6.53	0.224872
6.54	0.232151
6.55	0.239222
6.56	0.246077
6.57	0.252711
6.58	0.259117
6.59	0.26529
6.6	0.271225
6.61	0.276915
6.62	0.282356
6.63	0.287543
6.64	0.292471
6.65	0.297136
6.66	0.301534
6.67	0.30566
6.68	0.309511
6.69	0.313084
6.7	0.316375
6.71	0.319381
6.72	0.3221
6.73	0.324529
6.74	0.326666
6.75	0.328508
6.76	0.330056
6.77	0.331306
6.78	0.332258
6.79	0.332911
6.8	0.333264
6.81	0.333318
6.82	0.333071
6.83	0.332525
6.84	0.33168
6.85	0.330536
6.86	0.329094
6.87	0.327357
6.88	0.325325
6.89	0.323
6.9	0.320384
6.91	0.31748
6.92	0.314291
6.93	0.310818
6.94	0.307066
6.95	0.303038
6.96	0.298736
6.97	0.294166
6.98	0.289331
6.99	0.284236
7	0.278885
