0.1	 0.999181
0.11	 0.999009
0.12	 0.99882
0.13	 0.998616
0.14	 0.998395
0.15	 0.998157
0.16	 0.997903
0.17	 0.997633
0.18	 0.997347
0.19	 0.997044
0.2	 0.996725
0.21	 0.996389
0.22	 0.996037
0.23	 0.995669
0.24	 0.995285
0.25	 0.994884
0.26	 0.994467
0.27	 0.994034
0.28	 0.993585
0.29	 0.993119
0.3	 0.992637
0.31	 0.992139
0.32	 0.991624
0.33	 0.991094
0.34	 0.990547
0.35	 0.989984
0.36	 0.989405
0.37	 0.988809
0.38	 0.988198
0.39	 0.98757
0.4	 0.986926
0.41	 0.986266
0.42	 0.98559
0.43	 0.984898
0.44	 0.98419
0.45	 0.983466
0.46	 0.982725
0.47	 0.981969
0.48	 0.981197
0.49	 0.980408
0.5	 0.979604
0.51	 0.978784
0.52	 0.977948
0.53	 0.977096
0.54	 0.976228
0.55	 0.975344
0.56	 0.974444
0.57	 0.973528
0.58	 0.972597
0.59	 0.97165
0.6	 0.970687
0.61	 0.969708
0.62	 0.968713
0.63	 0.967703
0.64	 0.966677
0.65	 0.965635
0.66	 0.964578
0.67	 0.963505
0.68	 0.962416
0.69	 0.961312
0.7	 0.960192
0.71	 0.959056
0.72	 0.957905
0.73	 0.956739
0.74	 0.955557
0.75	 0.95436
0.76	 0.953147
0.77	 0.951919
0.78	 0.950675
0.79	 0.949416
0.8	 0.948142
0.81	 0.946852
0.82	 0.945548
0.83	 0.944228
0.84	 0.942892
0.85	 0.941542
0.86	 0.940176
0.87	 0.938795
0.88	 0.937399
0.89	 0.935988
0.9	 0.934562
0.91	 0.933121
0.92	 0.931665
0.93	 0.930194
0.94	 0.928708
0.95	 0.927208
0.96	 0.925692
0.97	 0.924162
0.98	 0.922616
0.99	 0.921056
1	 0.919481
1.01	 0.917892
1.02	 0.916288
1.03	 0.914669
1.04	 0.913036
1.05	 0.911388
1.06	 0.909725
1.07	 0.908048
1.08	 0.906357
1.09	 0.904651
1.1	 0.902931
1.11	 0.901196
1.12	 0.899447
1.13	 0.897684
1.14	 0.895906
1.15	 0.894115
1.16	 0.892309
1.17	 0.890489
1.18	 0.888655
1.19	 0.886807
1.2	 0.884945
1.21	 0.883069
1.22	 0.881179
1.23	 0.879275
1.24	 0.877357
1.25	 0.875425
1.26	 0.87348
1.27	 0.871521
1.28	 0.869548
1.29	 0.867561
1.3	 0.865561
1.31	 0.863548
1.32	 0.86152
1.33	 0.85948
1.34	 0.857426
1.35	 0.855358
1.36	 0.853277
1.37	 0.851183
1.38	 0.849076
1.39	 0.846955
1.4	 0.844821
1.41	 0.842674
1.42	 0.840514
1.43	 0.838341
1.44	 0.836154
1.45	 0.833955
1.46	 0.831743
1.47	 0.829518
1.48	 0.827281
1.49	 0.82503
1.5	 0.822767
1.51	 0.820491
1.52	 0.818202
1.53	 0.815901
1.54	 0.813588
1.55	 0.811261
1.56	 0.808923
1.57	 0.806572
1.58	 0.804209
1.59	 0.801833
1.6	 0.799445
1.61	 0.797045
1.62	 0.794633
1.63	 0.792209
1.64	 0.789772
1.65	 0.787324
1.66	 0.784864
1.67	 0.782392
1.68	 0.779908
1.69	 0.777412
1.7	 0.774905
1.71	 0.772385
1.72	 0.769855
1.73	 0.767312
1.74	 0.764758
1.75	 0.762193
1.76	 0.759616
1.77	 0.757028
1.78	 0.754429
1.79	 0.751818
1.8	 0.749196
1.81	 0.746563
1.82	 0.743919
1.83	 0.741264
1.84	 0.738598
1.85	 0.735921
1.86	 0.733233
1.87	 0.730534
1.88	 0.727825
1.89	 0.725105
1.9	 0.722374
1.91	 0.719632
1.92	 0.71688
1.93	 0.714118
1.94	 0.711345
1.95	 0.708562
1.96	 0.705769
1.97	 0.702965
1.98	 0.700151
1.99	 0.697327
2	 0.694493
2.01	 0.691649
2.02	 0.688795
2.03	 0.685931
2.04	 0.683057
2.05	 0.680174
2.06	 0.677281
2.07	 0.674378
2.08	 0.671465
2.09	 0.668543
2.1	 0.665612
2.11	 0.662671
2.12	 0.659721
2.13	 0.656761
2.14	 0.653793
2.15	 0.650815
2.16	 0.647828
2.17	 0.644832
2.18	 0.641827
2.19	 0.638813
2.2	 0.63579
2.21	 0.632759
2.22	 0.629719
2.23	 0.62667
2.24	 0.623612
2.25	 0.620546
2.26	 0.617472
2.27	 0.614389
2.28	 0.611298
2.29	 0.608198
2.3	 0.605091
2.31	 0.601975
2.32	 0.598851
2.33	 0.595719
2.34	 0.592579
2.35	 0.589431
2.36	 0.586276
2.37	 0.583112
2.38	 0.579941
2.39	 0.576762
2.4	 0.573576
2.41	 0.570382
2.42	 0.567181
2.43	 0.563973
2.44	 0.560757
2.45	 0.557534
2.46	 0.554304
2.47	 0.551066
2.48	 0.547822
2.49	 0.544571
2.5	 0.541312
2.51	 0.538047
2.52	 0.534775
2.53	 0.531497
2.54	 0.528212
2.55	 0.52492
2.56	 0.521622
2.57	 0.518317
2.58	 0.515006
2.59	 0.511689
2.6	 0.508366
2.61	 0.505036
2.62	 0.5017
2.63	 0.498359
2.64	 0.495011
2.65	 0.491658
2.66	 0.488298
2.67	 0.484933
2.68	 0.481563
2.69	 0.478186
2.7	 0.474805
2.71	 0.471417
2.72	 0.468025
2.73	 0.464627
2.74	 0.461223
2.75	 0.457815
2.76	 0.454402
2.77	 0.450983
2.78	 0.44756
2.79	 0.444131
2.8	 0.440698
2.81	 0.43726
2.82	 0.433817
2.83	 0.43037
2.84	 0.426918
2.85	 0.423462
2.86	 0.420002
2.87	 0.416537
2.88	 0.413067
2.89	 0.409594
2.9	 0.406116
2.91	 0.402635
2.92	 0.399149
2.93	 0.39566
2.94	 0.392167
2.95	 0.38867
2.96	 0.385169
2.97	 0.381665
2.98	 0.378157
2.99	 0.374645
3	 0.371131
3.01	 0.367613
3.02	 0.364092
3.03	 0.360567
3.04	 0.35704
3.05	 0.353509
3.06	 0.349975
3.07	 0.346439
3.08	 0.3429
3.09	 0.339358
3.1	 0.335813
3.11	 0.332266
3.12	 0.328716
3.13	 0.325164
3.14	 0.321609
3.15	 0.318052
3.16	 0.314493
3.17	 0.310932
3.18	 0.307368
3.19	 0.303803
3.2	 0.300236
3.21	 0.296666
3.22	 0.293095
3.23	 0.289523
3.24	 0.285948
3.25	 0.282372
3.26	 0.278795
3.27	 0.275216
3.28	 0.271636
3.29	 0.268054
3.3	 0.264471
3.31	 0.260887
3.32	 0.257302
3.33	 0.253716
3.34	 0.250129
3.35	 0.246542
3.36	 0.242953
3.37	 0.239364
3.38	 0.235774
3.39	 0.232184
3.4	 0.228593
3.41	 0.225002
3.42	 0.22141
3.43	 0.217818
3.44	 0.214226
3.45	 0.210634
3.46	 0.207042
3.47	 0.203449
3.48	 0.199857
3.49	 0.196265
3.5	 0.192674
3.51	 0.189082
3.52	 0.185491
3.53	 0.181901
3.54	 0.178311
3.55	 0.174721
3.56	 0.171133
3.57	 0.167545
3.58	 0.163958
3.59	 0.160372
3.6	 0.156786
3.61	 0.153202
3.62	 0.149619
3.63	 0.146037
3.64	 0.142457
3.65	 0.138878
3.66	 0.1353
3.67	 0.131724
3.68	 0.128149
3.69	 0.124576
3.7	 0.121004
3.71	 0.117435
3.72	 0.113867
3.73	 0.110301
3.74	 0.106737
3.75	 0.103175
3.76	 0.0996153
3.77	 0.0960578
3.78	 0.0925025
3.79	 0.0889496
3.8	 0.0853991
3.81	 0.0818511
3.82	 0.0783057
3.83	 0.0747629
3.84	 0.0712228
3.85	 0.0676855
3.86	 0.064151
3.87	 0.0606195
3.88	 0.0570909
3.89	 0.0535654
3.9	 0.050043
3.91	 0.0465239
3.92	 0.043008
3.93	 0.0394954
3.94	 0.0359862
3.95	 0.0324806
3.96	 0.0289785
3.97	 0.02548
3.98	 0.0219852
3.99	 0.0184942
4	 0.015007
4.01	 0.0115237
4.02	 0.00804434
4.03	 0.00456906
4.04	 0.00109789
4.05	 -0.0023691
4.06	 -0.00583184
4.07	 -0.00929026
4.08	 -0.0127443
4.09	 -0.0161939
4.1	 -0.0196389
4.11	 -0.0230794
4.12	 -0.0265152
4.13	 -0.0299462
4.14	 -0.0333725
4.15	 -0.0367939
4.16	 -0.0402103
4.17	 -0.0436218
4.18	 -0.0470282
4.19	 -0.0504294
4.2	 -0.0538255
4.21	 -0.0572162
4.22	 -0.0606016
4.23	 -0.0639816
4.24	 -0.0673562
4.25	 -0.0707252
4.26	 -0.0740886
4.27	 -0.0774463
4.28	 -0.0807982
4.29	 -0.0841444
4.3	 -0.0874847
4.31	 -0.090819
4.32	 -0.0941474
4.33	 -0.0974696
4.34	 -0.100786
4.35	 -0.104096
4.36	 -0.107399
4.37	 -0.110697
4.38	 -0.113988
4.39	 -0.117272
4.4	 -0.12055
4.41	 -0.123821
4.42	 -0.127086
4.43	 -0.130344
4.44	 -0.133595
4.45	 -0.136839
4.46	 -0.140077
4.47	 -0.143307
4.48	 -0.146531
4.49	 -0.149747
4.5	 -0.152956
4.51	 -0.156158
4.52	 -0.159353
4.53	 -0.16254
4.54	 -0.16572
4.55	 -0.168892
4.56	 -0.172057
4.57	 -0.175214
4.58	 -0.178364
4.59	 -0.181506
4.6	 -0.18464
4.61	 -0.187766
4.62	 -0.190884
4.63	 -0.193994
4.64	 -0.197097
4.65	 -0.200191
4.66	 -0.203277
4.67	 -0.206355
4.68	 -0.209425
4.69	 -0.212486
4.7	 -0.215539
4.71	 -0.218583
4.72	 -0.221619
4.73	 -0.224646
4.74	 -0.227665
4.75	 -0.230675
4.76	 -0.233676
4.77	 -0.236669
4.78	 -0.239653
4.79	 -0.242627
4.8	 -0.245593
4.81	 -0.24855
4.82	 -0.251498
4.83	 -0.254436
4.84	 -0.257366
4.85	 -0.260286
4.86	 -0.263196
4.87	 -0.266098
4.88	 -0.26899
4.89	 -0.271872
4.9	 -0.274745
4.91	 -0.277609
4.92	 -0.280463
4.93	 -0.283307
4.94	 -0.286141
4.95	 -0.288966
4.96	 -0.29178
4.97	 -0.294585
4.98	 -0.29738
4.99	 -0.300165
5	 -0.30294
5.01	 -0.305704
5.02	 -0.308459
5.03	 -0.311203
5.04	 -0.313937
5.05	 -0.316661
5.06	 -0.319374
5.07	 -0.322077
5.08	 -0.324769
5.09	 -0.327451
5.1	 -0.330122
5.11	 -0.332783
5.12	 -0.335433
5.13	 -0.338072
5.14	 -0.3407
5.15	 -0.343318
5.16	 -0.345925
5.17	 -0.34852
5.18	 -0.351105
5.19	 -0.353679
5.2	 -0.356242
5.21	 -0.358793
5.22	 -0.361334
5.23	 -0.363863
5.24	 -0.366381
5.25	 -0.368888
5.26	 -0.371383
5.27	 -0.373867
5.28	 -0.376339
5.29	 -0.3788
5.3	 -0.38125
5.31	 -0.383688
5.32	 -0.386114
5.33	 -0.388528
5.34	 -0.390931
5.35	 -0.393322
5.36	 -0.395702
5.37	 -0.398069
5.38	 -0.400425
5.39	 -0.402768
5.4	 -0.4051
5.41	 -0.40742
5.42	 -0.409727
5.43	 -0.412023
5.44	 -0.414306
5.45	 -0.416577
5.46	 -0.418836
5.47	 -0.421083
5.48	 -0.423318
5.49	 -0.42554
5.5	 -0.427749
5.51	 -0.429947
5.52	 -0.432131
5.53	 -0.434304
5.54	 -0.436463
5.55	 -0.438611
5.56	 -0.440745
5.57	 -0.442867
5.58	 -0.444976
5.59	 -0.447073
5.6	 -0.449157
5.61	 -0.451228
5.62	 -0.453286
5.63	 -0.455331
5.64	 -0.457363
5.65	 -0.459383
5.66	 -0.461389
5.67	 -0.463383
5.68	 -0.465363
5.69	 -0.46733
5.7	 -0.469284
5.71	 -0.471225
5.72	 -0.473153
5.73	 -0.475068
5.74	 -0.476969
5.75	 -0.478857
5.76	 -0.480732
5.77	 -0.482593
5.78	 -0.484442
5.79	 -0.486276
5.8	 -0.488097
5.81	 -0.489905
5.82	 -0.491699
5.83	 -0.49348
5.84	 -0.495247
5.85	 -0.497001
5.86	 -0.498741
5.87	 -0.500467
5.88	 -0.50218
5.89	 -0.503879
5.9	 -0.505564
5.91	 -0.507235
5.92	 -0.508893
5.93	 -0.510537
5.94	 -0.512167
5.95	 -0.513783
5.96	 -0.515385
5.97	 -0.516974
5.98	 -0.518548
5.99	 -0.520108
6	 -0.521655
6.01	 -0.523187
6.02	 -0.524706
6.03	 -0.52621
6.04	 -0.5277
6.05	 -0.529176
6.06	 -0.530638
6.07	 -0.532086
6.08	 -0.53352
6.09	 -0.53494
6.1	 -0.536345
6.11	 -0.537736
6.12	 -0.539113
6.13	 -0.540475
6.14	 -0.541823
6.15	 -0.543157
6.16	 -0.544477
6.17	 -0.545782
6.18	 -0.547072
6.19	 -0.548349
6.2	 -0.549611
6.21	 -0.550858
6.22	 -0.552091
6.23	 -0.55331
6.24	 -0.554514
6.25	 -0.555704
6.26	 -0.556879
6.27	 -0.558039
6.28	 -0.559185
6.29	 -0.560317
6.3	 -0.561434
6.31	 -0.562536
6.32	 -0.563623
6.33	 -0.564697
6.34	 -0.565755
6.35	 -0.566799
6.36	 -0.567828
6.37	 -0.568842
6.38	 -0.569842
6.39	 -0.570827
6.4	 -0.571797
6.41	 -0.572753
6.42	 -0.573693
6.43	 -0.574619
6.44	 -0.575531
6.45	 -0.576427
6.46	 -0.577309
6.47	 -0.578176
6.48	 -0.579028
6.49	 -0.579866
6.5	 -0.580688
6.51	 -0.581496
6.52	 -0.582289
6.53	 -0.583067
6.54	 -0.58383
6.55	 -0.584579
6.56	 -0.585312
6.57	 -0.586031
6.58	 -0.586735
6.59	 -0.587423
6.6	 -0.588097
6.61	 -0.588757
6.62	 -0.589401
6.63	 -0.59003
6.64	 -0.590645
6.65	 -0.591244
6.66	 -0.591829
6.67	 -0.592399
6.68	 -0.592954
6.69	 -0.593494
6.7	 -0.594019
6.71	 -0.594529
6.72	 -0.595024
6.73	 -0.595504
6.74	 -0.59597
6.75	 -0.59642
6.76	 -0.596856
6.77	 -0.597276
6.78	 -0.597682
6.79	 -0.598073
6.8	 -0.598449
6.81	 -0.59881
6.82	 -0.599156
6.83	 -0.599487
6.84	 -0.599803
6.85	 -0.600104
6.86	 -0.600391
6.87	 -0.600662
6.88	 -0.600919
6.89	 -0.601161
6.9	 -0.601388
6.91	 -0.6016
6.92	 -0.601797
6.93	 -0.601979
6.94	 -0.602147
6.95	 -0.602299
6.96	 -0.602437
6.97	 -0.60256
6.98	 -0.602668
6.99	 -0.602761
7	 -0.60284
7.01	 -0.602903
7.02	 -0.602952
7.03	 -0.602986
7.04	 -0.603005
7.05	 -0.60301
7.06	 -0.603
7.07	 -0.602975
7.08	 -0.602935
7.09	 -0.60288
7.1	 -0.602811
7.11	 -0.602727
7.12	 -0.602629
7.13	 -0.602516
7.14	 -0.602388
7.15	 -0.602245
7.16	 -0.602088
7.17	 -0.601916
7.18	 -0.601729
7.19	 -0.601528
7.2	 -0.601313
7.21	 -0.601082
7.22	 -0.600838
7.23	 -0.600578
7.24	 -0.600304
7.25	 -0.600016
7.26	 -0.599713
7.27	 -0.599396
7.28	 -0.599064
7.29	 -0.598718
7.3	 -0.598357
7.31	 -0.597982
7.32	 -0.597593
7.33	 -0.597189
7.34	 -0.596771
7.35	 -0.596338
7.36	 -0.595892
7.37	 -0.59543
7.38	 -0.594955
7.39	 -0.594465
7.4	 -0.593962
7.41	 -0.593444
7.42	 -0.592911
7.43	 -0.592365
7.44	 -0.591804
7.45	 -0.59123
7.46	 -0.590641
7.47	 -0.590038
7.48	 -0.589421
7.49	 -0.58879
7.5	 -0.588145
7.51	 -0.587486
7.52	 -0.586814
7.53	 -0.586127
7.54	 -0.585426
7.55	 -0.584712
7.56	 -0.583983
7.57	 -0.583241
7.58	 -0.582485
7.59	 -0.581715
7.6	 -0.580931
7.61	 -0.580134
7.62	 -0.579323
7.63	 -0.578498
7.64	 -0.57766
7.65	 -0.576808
7.66	 -0.575943
7.67	 -0.575064
7.68	 -0.574171
7.69	 -0.573265
7.7	 -0.572345
7.71	 -0.571412
7.72	 -0.570466
7.73	 -0.569506
7.74	 -0.568533
7.75	 -0.567547
7.76	 -0.566547
7.77	 -0.565534
7.78	 -0.564508
7.79	 -0.563469
7.8	 -0.562416
7.81	 -0.561351
7.82	 -0.560272
7.83	 -0.55918
7.84	 -0.558075
7.85	 -0.556958
7.86	 -0.555827
7.87	 -0.554683
7.88	 -0.553527
7.89	 -0.552358
7.9	 -0.551176
7.91	 -0.549981
7.92	 -0.548773
7.93	 -0.547553
7.94	 -0.54632
7.95	 -0.545074
7.96	 -0.543816
7.97	 -0.542545
7.98	 -0.541262
7.99	 -0.539966
8	 -0.538658
8.01	 -0.537337
8.02	 -0.536004
8.03	 -0.534659
8.04	 -0.533301
8.05	 -0.531931
8.06	 -0.530549
8.07	 -0.529155
8.08	 -0.527749
8.09	 -0.52633
8.1	 -0.5249
8.11	 -0.523458
8.12	 -0.522003
8.13	 -0.520537
8.14	 -0.519059
8.15	 -0.517569
8.16	 -0.516067
8.17	 -0.514553
8.18	 -0.513028
8.19	 -0.511491
8.2	 -0.509942
8.21	 -0.508382
8.22	 -0.50681
8.23	 -0.505227
8.24	 -0.503633
8.25	 -0.502026
8.26	 -0.500409
8.27	 -0.49878
8.28	 -0.49714
8.29	 -0.495489
8.3	 -0.493827
8.31	 -0.492153
8.32	 -0.490469
8.33	 -0.488773
8.34	 -0.487066
8.35	 -0.485349
8.36	 -0.48362
8.37	 -0.481881
8.38	 -0.480131
8.39	 -0.47837
8.4	 -0.476598
8.41	 -0.474816
8.42	 -0.473023
8.43	 -0.47122
8.44	 -0.469406
8.45	 -0.467581
8.46	 -0.465746
8.47	 -0.463901
8.48	 -0.462046
8.49	 -0.46018
8.5	 -0.458304
8.51	 -0.456418
8.52	 -0.454521
8.53	 -0.452615
8.54	 -0.450699
8.55	 -0.448772
8.56	 -0.446836
8.57	 -0.44489
8.58	 -0.442934
8.59	 -0.440968
8.6	 -0.438993
8.61	 -0.437008
8.62	 -0.435013
8.63	 -0.433009
8.64	 -0.430995
8.65	 -0.428972
8.66	 -0.42694
8.67	 -0.424898
8.68	 -0.422847
8.69	 -0.420786
8.7	 -0.418717
8.71	 -0.416638
8.72	 -0.41455
8.73	 -0.412454
8.74	 -0.410348
8.75	 -0.408233
8.76	 -0.40611
8.77	 -0.403978
8.78	 -0.401837
8.79	 -0.399687
8.8	 -0.397529
8.81	 -0.395362
8.82	 -0.393187
8.83	 -0.391003
8.84	 -0.388811
8.85	 -0.38661
8.86	 -0.384401
8.87	 -0.382184
8.88	 -0.379959
8.89	 -0.377726
8.9	 -0.375484
8.91	 -0.373235
8.92	 -0.370978
8.93	 -0.368713
8.94	 -0.366439
8.95	 -0.364159
8.96	 -0.36187
8.97	 -0.359574
8.98	 -0.35727
8.99	 -0.354959
9	 -0.35264
9.01	 -0.350314
9.02	 -0.347981
9.03	 -0.34564
9.04	 -0.343292
9.05	 -0.340936
9.06	 -0.338574
9.07	 -0.336205
9.08	 -0.333828
9.09	 -0.331445
9.1	 -0.329055
9.11	 -0.326658
9.12	 -0.324254
9.13	 -0.321844
9.14	 -0.319426
9.15	 -0.317003
9.16	 -0.314573
9.17	 -0.312136
9.18	 -0.309693
9.19	 -0.307244
9.2	 -0.304788
9.21	 -0.302326
9.22	 -0.299858
9.23	 -0.297384
9.24	 -0.294904
9.25	 -0.292418
9.26	 -0.289926
9.27	 -0.287429
9.28	 -0.284925
9.29	 -0.282416
9.3	 -0.279901
9.31	 -0.277381
9.32	 -0.274855
9.33	 -0.272324
9.34	 -0.269787
9.35	 -0.267245
9.36	 -0.264697
9.37	 -0.262145
9.38	 -0.259587
9.39	 -0.257024
9.4	 -0.254457
9.41	 -0.251884
9.42	 -0.249306
9.43	 -0.246724
9.44	 -0.244137
9.45	 -0.241545
9.46	 -0.238949
9.47	 -0.236348
9.48	 -0.233742
9.49	 -0.231132
9.5	 -0.228518
9.51	 -0.225899
9.52	 -0.223276
9.53	 -0.220649
9.54	 -0.218018
9.55	 -0.215383
9.56	 -0.212744
9.57	 -0.210101
9.58	 -0.207454
9.59	 -0.204803
9.6	 -0.202149
9.61	 -0.199491
9.62	 -0.196829
9.63	 -0.194164
9.64	 -0.191495
9.65	 -0.188823
9.66	 -0.186148
9.67	 -0.183469
9.68	 -0.180788
9.69	 -0.178103
9.7	 -0.175415
9.71	 -0.172724
9.72	 -0.17003
9.73	 -0.167333
9.74	 -0.164633
9.75	 -0.161931
9.76	 -0.159226
9.77	 -0.156519
9.78	 -0.153808
9.79	 -0.151096
9.8	 -0.148381
9.81	 -0.145664
9.82	 -0.142944
9.83	 -0.140222
9.84	 -0.137498
9.85	 -0.134772
9.86	 -0.132044
9.87	 -0.129314
9.88	 -0.126582
9.89	 -0.123849
9.9	 -0.121113
9.91	 -0.118376
9.92	 -0.115638
9.93	 -0.112897
9.94	 -0.110156
9.95	 -0.107413
9.96	 -0.104668
9.97	 -0.101922
9.98	 -0.0991754
9.99	 -0.0964273
10	 -0.0936782
10.01	 -0.090928
10.02	 -0.0881769
10.03	 -0.0854248
10.04	 -0.082672
10.05	 -0.0799184
10.06	 -0.0771642
10.07	 -0.0744093
10.08	 -0.0716539
10.09	 -0.068898
10.1	 -0.0661417
10.11	 -0.063385
10.12	 -0.0606281
10.13	 -0.0578709
10.14	 -0.0551136
10.15	 -0.0523562
10.16	 -0.0495987
10.17	 -0.0468413
10.18	 -0.0440841
10.19	 -0.041327
10.2	 -0.0385701
10.21	 -0.0358136
10.22	 -0.0330574
10.23	 -0.0303017
10.24	 -0.0275465
10.25	 -0.0247918
10.26	 -0.0220378
10.27	 -0.0192845
10.28	 -0.016532
10.29	 -0.0137803
10.3	 -0.0110295
10.31	 -0.00827963
10.32	 -0.00553083
10.33	 -0.00278313
10.34	 -3.65871e-05
10.35	 0.00270873
10.36	 0.00545275
10.37	 0.00819541
10.38	 0.0109366
10.39	 0.0136764
10.4	 0.0164146
10.41	 0.0191512
10.42	 0.0218861
10.43	 0.0246192
10.44	 0.0273506
10.45	 0.03008
10.46	 0.0328075
10.47	 0.0355331
10.48	 0.0382565
10.49	 0.0409778
10.5	 0.0436969
10.51	 0.0464138
10.52	 0.0491283
10.53	 0.0518404
10.54	 0.0545501
10.55	 0.0572572
10.56	 0.0599618
10.57	 0.0626637
10.58	 0.0653629
10.59	 0.0680594
10.6	 0.070753
10.61	 0.0734437
10.62	 0.0761314
10.63	 0.0788161
10.64	 0.0814977
10.65	 0.0841762
10.66	 0.0868514
10.67	 0.0895234
10.68	 0.092192
10.69	 0.0948573
10.7	 0.097519
10.71	 0.100177
10.72	 0.102832
10.73	 0.105483
10.74	 0.10813
10.75	 0.110774
10.76	 0.113413
10.77	 0.116049
10.78	 0.118681
10.79	 0.121309
10.8	 0.123932
10.81	 0.126552
10.82	 0.129167
10.83	 0.131778
10.84	 0.134385
10.85	 0.136987
10.86	 0.139585
10.87	 0.142179
10.88	 0.144767
10.89	 0.147352
10.9	 0.149931
10.91	 0.152506
10.92	 0.155076
10.93	 0.157641
10.94	 0.160201
10.95	 0.162756
10.96	 0.165306
10.97	 0.167851
10.98	 0.170391
10.99	 0.172926
11	 0.175455
11.01	 0.177979
11.02	 0.180498
11.03	 0.183011
11.04	 0.185518
11.05	 0.18802
11.06	 0.190517
11.07	 0.193007
11.08	 0.195492
11.09	 0.197972
11.1	 0.200445
11.11	 0.202912
11.12	 0.205374
11.13	 0.207829
11.14	 0.210278
11.15	 0.212721
11.16	 0.215158
11.17	 0.217589
11.18	 0.220013
11.19	 0.222431
11.2	 0.224843
11.21	 0.227248
11.22	 0.229647
11.23	 0.232039
11.24	 0.234424
11.25	 0.236803
11.26	 0.239175
11.27	 0.24154
11.28	 0.243898
11.29	 0.246249
11.3	 0.248593
11.31	 0.250931
11.32	 0.253261
11.33	 0.255584
11.34	 0.2579
11.35	 0.260209
11.36	 0.26251
11.37	 0.264804
11.38	 0.267091
11.39	 0.26937
11.4	 0.271642
11.41	 0.273906
11.42	 0.276163
11.43	 0.278412
11.44	 0.280653
11.45	 0.282887
11.46	 0.285112
11.47	 0.28733
11.48	 0.28954
11.49	 0.291742
11.5	 0.293936
11.51	 0.296122
11.52	 0.2983
11.53	 0.30047
11.54	 0.302631
11.55	 0.304784
11.56	 0.306929
11.57	 0.309066
11.58	 0.311194
11.59	 0.313314
11.6	 0.315425
11.61	 0.317528
11.62	 0.319622
11.63	 0.321708
11.64	 0.323785
11.65	 0.325853
11.66	 0.327913
11.67	 0.329963
11.68	 0.332005
11.69	 0.334038
11.7	 0.336062
11.71	 0.338077
11.72	 0.340082
11.73	 0.342079
11.74	 0.344067
11.75	 0.346045
11.76	 0.348015
11.77	 0.349975
11.78	 0.351925
11.79	 0.353867
11.8	 0.355799
11.81	 0.357721
11.82	 0.359634
11.83	 0.361538
11.84	 0.363432
11.85	 0.365316
11.86	 0.367191
11.87	 0.369056
11.88	 0.370911
11.89	 0.372757
11.9	 0.374592
11.91	 0.376418
11.92	 0.378234
11.93	 0.38004
11.94	 0.381837
11.95	 0.383623
11.96	 0.385399
11.97	 0.387165
11.98	 0.388921
11.99	 0.390666
12	 0.392402
12.01	 0.394127
12.02	 0.395842
12.03	 0.397547
12.04	 0.399241
12.05	 0.400925
12.06	 0.402598
12.07	 0.404261
12.08	 0.405914
12.09	 0.407556
12.1	 0.409187
12.11	 0.410808
12.12	 0.412419
12.13	 0.414018
12.14	 0.415607
12.15	 0.417185
12.16	 0.418752
12.17	 0.420309
12.18	 0.421855
12.19	 0.423389
12.2	 0.424913
12.21	 0.426426
12.22	 0.427928
12.23	 0.429419
12.24	 0.430899
12.25	 0.432368
12.26	 0.433826
12.27	 0.435272
12.28	 0.436708
12.29	 0.438132
12.3	 0.439545
12.31	 0.440947
12.32	 0.442338
12.33	 0.443717
12.34	 0.445085
12.35	 0.446441
12.36	 0.447786
12.37	 0.44912
12.38	 0.450442
12.39	 0.451753
12.4	 0.453053
12.41	 0.45434
12.42	 0.455616
12.43	 0.456881
12.44	 0.458134
12.45	 0.459375
12.46	 0.460605
12.47	 0.461823
12.48	 0.463029
12.49	 0.464224
12.5	 0.465407
12.51	 0.466578
12.52	 0.467737
12.53	 0.468884
12.54	 0.47002
12.55	 0.471143
12.56	 0.472255
12.57	 0.473355
12.58	 0.474443
12.59	 0.475518
12.6	 0.476582
12.61	 0.477634
12.62	 0.478674
12.63	 0.479702
12.64	 0.480717
12.65	 0.481721
12.66	 0.482712
12.67	 0.483692
12.68	 0.484659
12.69	 0.485614
12.7	 0.486557
12.71	 0.487487
12.72	 0.488406
12.73	 0.489312
12.74	 0.490206
12.75	 0.491087
12.76	 0.491957
12.77	 0.492814
12.78	 0.493658
12.79	 0.494491
12.8	 0.49531
12.81	 0.496118
12.82	 0.496913
12.83	 0.497696
12.84	 0.498466
12.85	 0.499224
12.86	 0.49997
12.87	 0.500703
12.88	 0.501423
12.89	 0.502131
12.9	 0.502827
12.91	 0.50351
12.92	 0.50418
12.93	 0.504838
12.94	 0.505484
12.95	 0.506116
12.96	 0.506737
12.97	 0.507344
12.98	 0.50794
12.99	 0.508522
13	 0.509092
13.01	 0.509649
13.02	 0.510194
13.03	 0.510726
13.04	 0.511245
13.05	 0.511752
13.06	 0.512246
13.07	 0.512727
13.08	 0.513196
13.09	 0.513652
13.1	 0.514095
13.11	 0.514526
13.12	 0.514944
13.13	 0.515349
13.14	 0.515741
13.15	 0.516121
13.16	 0.516488
13.17	 0.516842
13.18	 0.517184
13.19	 0.517513
13.2	 0.517829
13.21	 0.518132
13.22	 0.518423
13.23	 0.518701
13.24	 0.518966
13.25	 0.519218
13.26	 0.519458
13.27	 0.519685
13.28	 0.519899
13.29	 0.5201
13.3	 0.520289
13.31	 0.520465
13.32	 0.520628
13.33	 0.520778
13.34	 0.520915
13.35	 0.52104
13.36	 0.521152
13.37	 0.521252
13.38	 0.521338
13.39	 0.521412
13.4	 0.521473
13.41	 0.521521
13.42	 0.521557
13.43	 0.52158
13.44	 0.52159
13.45	 0.521587
13.46	 0.521572
13.47	 0.521543
13.48	 0.521503
13.49	 0.521449
13.5	 0.521383
13.51	 0.521304
13.52	 0.521212
13.53	 0.521108
13.54	 0.520991
13.55	 0.520861
13.56	 0.520719
13.57	 0.520564
13.58	 0.520396
13.59	 0.520216
13.6	 0.520023
13.61	 0.519818
13.62	 0.5196
13.63	 0.519369
13.64	 0.519125
13.65	 0.51887
13.66	 0.518601
13.67	 0.51832
13.68	 0.518026
13.69	 0.51772
13.7	 0.517402
13.71	 0.51707
13.72	 0.516727
13.73	 0.51637
13.74	 0.516002
13.75	 0.515621
13.76	 0.515227
13.77	 0.514821
13.78	 0.514402
13.79	 0.513971
13.8	 0.513528
13.81	 0.513072
13.82	 0.512604
13.83	 0.512124
13.84	 0.511631
13.85	 0.511126
13.86	 0.510609
13.87	 0.510079
13.88	 0.509537
13.89	 0.508983
13.9	 0.508417
13.91	 0.507838
13.92	 0.507247
13.93	 0.506644
13.94	 0.506029
13.95	 0.505401
13.96	 0.504762
13.97	 0.50411
13.98	 0.503447
13.99	 0.502771
14	 0.502083
14.01	 0.501383
14.02	 0.500671
14.03	 0.499948
14.04	 0.499212
14.05	 0.498464
14.06	 0.497704
14.07	 0.496933
14.08	 0.496149
14.09	 0.495354
14.1	 0.494547
14.11	 0.493728
14.12	 0.492897
14.13	 0.492055
14.14	 0.491201
14.15	 0.490335
14.16	 0.489457
14.17	 0.488568
14.18	 0.487667
14.19	 0.486755
14.2	 0.48583
14.21	 0.484895
14.22	 0.483948
14.23	 0.482989
14.24	 0.482019
14.25	 0.481037
14.26	 0.480044
14.27	 0.479039
14.28	 0.478024
14.29	 0.476996
14.3	 0.475958
14.31	 0.474908
14.32	 0.473847
14.33	 0.472775
14.34	 0.471691
14.35	 0.470597
14.36	 0.469491
14.37	 0.468374
14.38	 0.467246
14.39	 0.466107
14.4	 0.464957
14.41	 0.463796
14.42	 0.462624
14.43	 0.461441
14.44	 0.460247
14.45	 0.459043
14.46	 0.457827
14.47	 0.456601
14.48	 0.455364
14.49	 0.454116
14.5	 0.452858
14.51	 0.451588
14.52	 0.450309
14.53	 0.449018
14.54	 0.447717
14.55	 0.446406
14.56	 0.445084
14.57	 0.443752
14.58	 0.442409
14.59	 0.441056
14.6	 0.439692
14.61	 0.438319
14.62	 0.436934
14.63	 0.43554
14.64	 0.434136
14.65	 0.432721
14.66	 0.431296
14.67	 0.429861
14.68	 0.428416
14.69	 0.426961
14.7	 0.425496
14.71	 0.424022
14.72	 0.422537
14.73	 0.421042
14.74	 0.419538
14.75	 0.418023
14.76	 0.4165
14.77	 0.414966
14.78	 0.413423
14.79	 0.41187
14.8	 0.410307
14.81	 0.408735
14.82	 0.407153
14.83	 0.405562
14.84	 0.403962
14.85	 0.402352
14.86	 0.400733
14.87	 0.399105
14.88	 0.397467
14.89	 0.39582
14.9	 0.394164
14.91	 0.392499
14.92	 0.390825
14.93	 0.389141
14.94	 0.387449
14.95	 0.385748
14.96	 0.384038
14.97	 0.382319
14.98	 0.380591
14.99	 0.378854
15	 0.377109
