10 0
9.99959 0.0909078
9.99835 0.181808
9.99628 0.272693
9.99339 0.363556
9.98967 0.454389
9.98513 0.545184
9.97976 0.635934
9.97357 0.726632
9.96655 0.817269
9.95871 0.907839
9.95004 0.998334
9.94055 1.08875
9.93025 1.17907
9.91912 1.26929
9.90717 1.35941
9.8944 1.44942
9.88082 1.53931
9.86641 1.62907
9.8512 1.7187
9.83517 1.80818
9.81832 1.89752
9.80067 1.98669
9.7822 2.07571
9.76293 2.16455
9.74285 2.25321
9.72196 2.34169
9.70027 2.42997
9.67778 2.51806
9.65449 2.60593
9.6304 2.69359
9.60551 2.78103
9.57984 2.86823
9.55336 2.9552
9.52611 3.04193
9.49806 3.1284
9.46923 3.21462
9.43961 3.30057
9.40922 3.38624
9.37804 3.47164
9.3461 3.55675
9.31338 3.64157
9.27989 3.72608
9.24563 3.81029
9.21061 3.89418
9.17483 3.97775
9.13829 4.061
9.10099 4.1439
9.06295 4.22647
9.02415 4.30868
8.98461 4.39054
8.94432 4.47204
8.9033 4.55316
8.86154 4.63391
8.81905 4.71428
8.77583 4.79426
8.73188 4.87384
8.68721 4.95301
8.64183 5.03178
8.59573 5.11014
8.54892 5.18807
8.5014 5.26557
8.45318 5.34264
8.40426 5.41926
8.35465 5.49544
8.30435 5.57116
8.25336 5.64642
8.20168 5.72122
8.14934 5.79554
8.09631 5.86939
8.04262 5.94275
7.98826 6.01562
7.93325 6.08799
7.87757 6.15985
7.82125 6.23121
7.76428 6.30206
7.70667 6.37238
7.64842 6.44218
7.58954 6.51144
7.53003 6.58017
7.4699 6.64835
7.40916 6.71598
7.3478 6.78306
7.28583 6.84958
7.22326 6.91553
7.16009 6.98091
7.09634 7.04571
7.03199 7.10993
6.96707 7.17356
6.90157 7.2366
6.83549 7.29904
6.76886 7.36088
6.70166 7.42211
6.63391 7.48273
6.56561 7.54273
6.49677 7.6021
6.4274 7.66085
6.35749 7.71896
6.28705 7.77644
6.2161 7.83327
6.14463 7.88945
6.07266 7.94499
6.00018 7.99987
5.92721 8.05408
5.85374 8.10763
5.7798 8.16051
5.70537 8.21272
5.63048 8.26424
5.55512 8.31509
5.4793 8.36524
5.40302 8.41471
5.3263 8.46348
5.24914 8.51155
5.17155 8.55892
5.09353 8.60558
5.01509 8.65153
4.93623 8.69676
4.85697 8.74127
4.7773 8.78507
4.69724 8.82813
4.61679 8.87047
4.53596 8.91207
4.45476 8.95294
4.37318 8.99307
4.29125 9.03245
4.20896 9.07109
4.12632 9.10898
4.04334 9.14611
3.96003 9.18249
3.87639 9.21811
3.79243 9.25297
3.70816 9.28706
3.62358 9.32039
3.5387 9.35295
3.45353 9.38473
3.36807 9.41574
3.28233 9.44597
3.19633 9.47542
3.11006 9.50408
3.02353 9.53196
2.93675 9.55905
2.84973 9.58536
2.76247 9.61087
2.67499 9.63558
2.58728 9.6595
2.49936 9.68262
2.41124 9.70494
2.32291 9.72646
2.2344 9.74718
2.14569 9.76709
2.05681 9.78619
1.96777 9.80448
1.87855 9.82197
1.78919 9.83864
1.69967 9.8545
1.61002 9.86954
1.52023 9.88377
1.43031 9.89718
1.34028 9.90978
1.25014 9.92155
1.15989 9.9325
1.06955 9.94264
0.979119 9.95195
0.888608 9.96044
0.798023 9.96811
0.707372 9.97495
0.616663 9.98097
0.525902 9.98616
0.435099 9.99053
0.344259 9.99407
0.253391 9.99679
0.162502 9.99868
0.071599 9.99974
-0.0193094 9.99998
-0.110216 9.99939
-0.201114 9.99798
-0.291995 9.99574
-0.382852 9.99267
-0.473678 9.98878
-0.564464 9.98406
-0.655203 9.97851
-0.745889 9.97214
-0.836513 9.96495
-0.927067 9.95693
-1.01755 9.9481
-1.10794 9.93843
-1.19824 9.92795
-1.28844 9.91665
-1.37854 9.90453
-1.46852 9.89158
-1.55839 9.87783
-1.64812 9.86325
-1.73772 9.84786
-1.82717 9.83166
-1.91647 9.81464
-2.00561 9.79681
-2.09459 9.77817
-2.1834 9.75873
-2.27202 9.73848
-2.36046 9.71742
-2.4487 9.69556
-2.53674 9.6729
-2.62457 9.64944
-2.71218 9.62518
-2.79957 9.60013
-2.88673 9.57428
-2.97364 9.54764
-3.06032 9.52021
-3.14674 9.492
-3.2329 9.463
-3.31879 9.43322
-3.40441 9.40266
-3.48974 9.37132
-3.57479 9.33921
-3.65954 9.30633
-3.744 9.27267
-3.82814 9.23826
-3.91196 9.20307
-3.99546 9.16713
-4.07863 9.13043
-4.16147 9.09297
-4.24396 9.05477
-4.3261 9.01581
-4.40788 8.97611
-4.4893 8.93567
-4.57034 8.89449
-4.65101 8.85257
-4.7313 8.80993
-4.81119 8.76655
-4.89069 8.72245
-4.96978 8.67763
-5.04846 8.63209
-5.12672 8.58584
-5.20457 8.53888
-5.28198 8.49122
-5.35895 8.44285
-5.43548 8.39378
-5.51156 8.34402
-5.58719 8.29357
-5.66235 8.24244
-5.73705 8.19062
-5.81127 8.13813
-5.88501 8.08496
-5.95827 8.03113
-6.03103 7.97663
-6.10329 7.92148
-6.17505 7.86567
-6.2463 7.8092
-6.31704 7.7521
-6.38725 7.69435
-6.45693 7.63597
-6.52608 7.57695
-6.59469 7.51731
-6.66276 7.45705
-6.73028 7.39617
-6.79723 7.33469
-6.86363 7.27259
-6.92946 7.20989
-6.99472 7.1466
-7.0594 7.08272
-7.12349 7.01825
-7.187 6.9532
-7.24991 6.88758
-7.31223 6.82139
-7.37394 6.75463
-7.43504 6.68732
-7.49552 6.61945
-7.55539 6.55104
-7.61463 6.48208
-7.67324 6.41259
-7.73122 6.34257
-7.78856 6.27203
-7.84526 6.20096
-7.9013 6.12939
-7.9567 6.0573
-8.01144 5.98472
-8.06551 5.91164
-8.11892 5.83808
-8.17166 5.76403
-8.22372 5.6895
-8.2751 5.61451
-8.3258 5.53905
-8.37581 5.46313
-8.42513 5.38676
-8.47375 5.30995
-8.52167 5.2327
-8.56889 5.15501
-8.6154 5.0769
-8.66119 4.99837
-8.70627 4.91943
-8.75064 4.84008
-8.79428 4.76033
-8.83719 4.68018
-8.87937 4.59965
-8.92082 4.51874
-8.96153 4.43746
-9.0015 4.35581
-9.04072 4.2738
-9.0792 4.19143
-9.11693 4.10872
-9.1539 4.02567
-9.19012 3.94229
-9.22558 3.85858
-9.26028 3.77456
-9.29421 3.69022
-9.32737 3.60557
-9.35976 3.52063
-9.39138 3.4354
-9.42222 3.34988
-9.45229 3.26409
-9.48157 3.17802
-9.51007 3.0917
-9.53778 3.00512
-9.56471 2.91829
-9.59084 2.83121
-9.61618 2.74391
-9.64073 2.65638
-9.66448 2.56863
-9.68743 2.48066
-9.70958 2.39249
-9.73093 2.30413
-9.75147 2.21557
-9.77121 2.12683
-9.79014 2.03791
-9.80827 1.94883
-9.82558 1.85958
-9.84208 1.77019
-9.85776 1.68064
-9.87263 1.59096
-9.88669 1.50114
-9.89992 1.4112
-9.91234 1.32114
-9.92395 1.23098
-9.93473 1.14071
-9.94469 1.05035
-9.95382 0.959901
-9.96214 0.869373
-9.96963 0.778774
-9.9763 0.68811
-9.98214 0.597389
-9.98716 0.506619
-9.99135 0.415807
-9.99472 0.32496
-9.99726 0.234087
-9.99897 0.143194
-9.99986 0.0522899
-9.99993 -0.0386188
-9.99916 -0.129524
-9.99757 -0.220419
-9.99515 -0.311296
-9.99191 -0.402147
-9.98784 -0.492964
-9.98295 -0.583741
-9.97723 -0.67447
-9.97068 -0.765143
-9.96332 -0.855753
-9.95513 -0.946292
-9.94611 -1.03675
-9.93628 -1.12713
-9.92562 -1.21741
-9.91414 -1.30759
-9.90185 -1.39766
-9.88873 -1.48762
-9.8748 -1.57746
-9.86005 -1.66716
-9.84449 -1.75673
-9.82811 -1.84615
-9.81092 -1.93542
-9.79292 -2.02453
-9.77411 -2.11347
-9.75449 -2.20224
-9.73407 -2.29082
-9.71284 -2.37922
-9.69081 -2.46742
-9.66798 -2.55541
-9.64435 -2.64319
-9.61992 -2.73076
-9.5947 -2.8181
-9.56869 -2.90521
-9.54188 -2.99207
-9.51429 -3.07869
-9.48591 -3.16506
-9.45674 -3.25116
-9.42679 -3.337
-9.39607 -3.42256
-9.36457 -3.50783
-9.33229 -3.59282
-9.29924 -3.67751
-9.26543 -3.76189
-9.23085 -3.84597
-9.1955 -3.92972
-9.1594 -4.01316
-9.12254 -4.09626
-9.08492 -4.17902
-9.04656 -4.26144
-9.00744 -4.3435
-8.96758 -4.4252
-8.92699 -4.50654
-8.88565 -4.58751
-8.84358 -4.6681
-8.80077 -4.7483
-8.75725 -4.82811
-8.71299 -4.90752
-8.66802 -4.98653
-8.62233 -5.06512
-8.57593 -5.14329
-8.52882 -5.22104
-8.481 -5.29836
-8.43248 -5.37524
-8.38327 -5.45168
-8.33336 -5.52766
-8.28277 -5.60319
-8.23149 -5.67826
-8.17953 -5.75285
-8.12689 -5.82697
-8.07359 -5.90061
-8.01961 -5.97376
-7.96497 -6.04642
-7.90968 -6.11858
-7.85373 -6.19023
-7.79713 -6.26137
-7.73989 -6.332
-7.682 -6.4021
-7.62349 -6.47167
-7.56434 -6.5407
-7.50457 -6.6092
-7.44417 -6.67715
-7.38316 -6.74454
-7.32155 -6.81138
-7.25932 -6.87766
-7.1965 -6.94337
-7.13308 -7.00851
-7.06907 -7.07306
-7.00448 -7.13703
-6.93931 -7.20041
-6.87357 -7.2632
-6.80726 -7.32539
-6.74038 -7.38697
-6.67295 -7.44794
-6.60497 -7.50829
-6.53644 -7.56802
-6.46737 -7.62713
-6.39776 -7.68561
-6.32763 -7.74345
-6.25697 -7.80066
-6.1858 -7.85722
-6.11412 -7.91313
-6.04193 -7.96838
-5.96924 -8.02298
-5.89606 -8.07691
-5.82239 -8.13018
-5.74824 -8.18277
-5.67361 -8.23469
-5.59852 -8.28593
-5.52296 -8.33648
-5.44695 -8.38634
-5.37049 -8.43551
-5.29358 -8.48399
-5.21623 -8.53176
-5.13846 -8.57883
-5.06026 -8.62518
-4.98164 -8.67083
-4.90261 -8.71576
-4.82317 -8.75997
-4.74334 -8.80345
-4.66311 -8.84621
-4.5825 -8.88823
-4.50151 -8.92952
-4.42015 -8.97008
-4.33842 -9.00989
-4.25633 -9.04896
-4.1739 -9.08728
-4.09111 -9.12485
-4.00799 -9.16166
-3.92454 -9.19772
-3.84076 -9.23301
-3.75667 -9.26755
-3.67226 -9.30132
-3.58756 -9.33432
-3.50255 -9.36654
-3.41726 -9.398
-3.33168 -9.42867
-3.24583 -9.45857
-3.15971 -9.48769
-3.07333 -9.51602
-2.98669 -9.54357
-2.89981 -9.57032
-2.81269 -9.59629
-2.72534 -9.62146
-2.63776 -9.64584
-2.54996 -9.66942
-2.46195 -9.6922
-2.37374 -9.71418
-2.28533 -9.73536
-2.19674 -9.75573
-2.10796 -9.7753
-2.01901 -9.79406
-1.92989 -9.81201
-1.84061 -9.82915
-1.75118 -9.84548
-1.6616 -9.86099
-1.57189 -9.87569
-1.48205 -9.88957
-1.39208 -9.90263
-1.302 -9.91488
-1.21181 -9.9263
-1.12153 -9.93691
-1.03114 -9.94669
-0.940679 -9.95566
-0.850135 -9.9638
-0.759521 -9.97111
-0.668845 -9.97761
-0.578113 -9.98328
-0.487333 -9.98812
-0.396513 -9.99214
-0.30566 -9.99533
-0.214782 -9.99769
-0.123887 -9.99923
-0.0329807 -9.99995
0.057928 -9.99983
0.148832 -9.99889
0.239724 -9.99713
0.330595 -9.99453
0.42144 -9.99112
0.51225 -9.98687
0.603017 -9.9818
0.693734 -9.97591
0.784394 -9.96919
0.87499 -9.96165
0.965513 -9.95328
1.05596 -9.94409
1.14631 -9.93408
1.23657 -9.92325
1.32673 -9.9116
1.41678 -9.89913
1.50671 -9.88584
1.59652 -9.87173
1.6862 -9.85681
1.77573 -9.84108
1.86512 -9.82453
1.95436 -9.80716
2.04343 -9.78899
2.13234 -9.77001
2.22107 -9.75022
2.30961 -9.72963
2.39797 -9.70823
2.48612 -9.68603
2.57407 -9.66303
2.66181 -9.63923
2.74933 -9.61463
2.83662 -9.58924
2.92368 -9.56306
3.01049 -9.53609
3.09706 -9.50832
3.18337 -9.47978
3.26942 -9.45045
3.35519 -9.42033
3.44069 -9.38944
3.52591 -9.35778
3.61083 -9.32534
3.69546 -9.29213
3.77978 -9.25815
3.86379 -9.2234
3.94747 -9.1879
4.03084 -9.15163
4.11386 -9.11461
4.19655 -9.07684
4.2789 -9.03831
4.36088 -8.99904
4.44251 -8.95902
4.52377 -8.91827
4.60466 -8.87677
4.68517 -8.83455
4.76529 -8.79159
4.84501 -8.74791
4.92434 -8.7035
5.00325 -8.65837
5.08176 -8.61253
5.15984 -8.56598
5.2375 -8.51872
5.31473 -8.47075
5.39151 -8.42209
5.46785 -8.37273
5.54374 -8.32267
5.61917 -8.27193
5.69414 -8.22051
5.76864 -8.16841
5.84265 -8.11563
5.91619 -8.06218
5.98924 -8.00806
6.06179 -7.95328
6.13384 -7.89785
6.20538 -7.84176
6.27642 -7.78502
6.34693 -7.72764
6.41692 -7.66963
6.48637 -7.61098
6.5553 -7.55169
6.62368 -7.49179
6.69151 -7.43127
6.75879 -7.37013
6.82551 -7.30838
6.89167 -7.24603
6.95725 -7.18308
7.02227 -7.11954
7.0867 -7.0554
7.15054 -6.99069
7.2138 -6.9254
7.27646 -6.85953
7.33852 -6.7931
7.39997 -6.7261
7.46081 -6.65855
7.52103 -6.59045
7.58063 -6.52181
7.63961 -6.45263
7.69795 -6.38291
7.75566 -6.31267
7.81273 -6.2419
7.86915 -6.17062
7.92492 -6.09883
7.98003 -6.02653
8.03449 -5.95374
8.08828 -5.88045
8.1414 -5.80668
8.19386 -5.73243
8.24563 -5.6577
8.29672 -5.58251
8.34713 -5.50686
8.39684 -5.43075
8.44587 -5.35419
8.49419 -5.27719
8.54181 -5.19975
8.58873 -5.12188
8.63494 -5.04359
8.68043 -4.96489
8.72521 -4.88577
8.76926 -4.80625
8.81259 -4.72633
8.8552 -4.64602
8.89707 -4.56533
8.9382 -4.48426
8.9786 -4.40282
9.01825 -4.32101
9.05716 -4.23885
9.09532 -4.15634
9.13273 -4.07349
9.16938 -3.99029
9.20528 -3.90677
9.24041 -3.82293
9.27478 -3.73877
9.30839 -3.6543
9.34123 -3.56953
9.37329 -3.48446
9.40458 -3.3991
9.43509 -3.31347
9.46482 -3.22756
9.49377 -3.14138
9.52194 -3.05495
9.54932 -2.96826
9.57591 -2.88133
9.6017 -2.79415
9.62671 -2.70675
9.65092 -2.61913
9.67433 -2.53128
9.69694 -2.44323
9.71875 -2.35498
9.73976 -2.26653
9.75996 -2.17789
9.77935 -2.08908
9.79794 -2.00009
9.81572 -1.91094
9.83268 -1.82163
9.84884 -1.73216
9.86418 -1.64256
9.8787 -1.55282
9.89241 -1.46295
9.9053 -1.37296
9.91737 -1.28285
9.92863 -1.19264
9.93906 -1.10234
9.94867 -1.01194
9.95746 -0.921453
9.96542 -0.830894
9.97256 -0.740266
9.97888 -0.649577
9.98437 -0.558835
9.98904 -0.468046
9.99288 -0.377218
9.9959 -0.286359
9.99809 -0.195477
9.99945 -0.104578
9.99999 -0.0136713
9.9997 0.0772371
9.99859 0.168139
9.99664 0.259027
9.99388 0.349894
9.99028 0.440731
9.98586 0.531533
9.98062 0.62229
9.97455 0.712996
9.96766 0.803643
9.95994 0.894224
9.9514 0.98473
9.94203 1.07516
9.93185 1.16549
9.92084 1.25573
9.90902 1.34587
9.89637 1.43589
9.88291 1.5258
9.86863 1.61558
9.85354 1.70523
9.83763 1.79473
9.82091 1.88409
9.80337 1.97329
9.78503 2.06233
9.76588 2.1512
9.74592 2.23989
9.72515 2.3284
9.70358 2.41671
9.68121 2.50482
9.65804 2.59273
9.63407 2.68042
9.60931 2.76789
9.58375 2.85513
9.5574 2.94214
9.53025 3.0289
9.50233 3.11541
9.47361 3.20167
9.44411 3.28766
9.41384 3.37338
9.38278 3.45882
9.35095 3.54397
9.31835 3.62883
9.28497 3.71339
9.25083 3.79765
9.21593 3.88159
9.18026 3.96521
9.14383 4.0485
9.10665 4.13146
9.06872 4.21407
9.03003 4.29634
8.9906 4.37825
8.95043 4.4598
8.90951 4.54099
8.86787 4.62179
8.82548 4.70222
8.78237 4.78225
8.73853 4.86189
8.69397 4.94113
8.6487 5.01996
8.6027 5.09838
8.556 5.17638
8.50859 5.25394
8.46048 5.33107
8.41166 5.40777
8.36215 5.48401
8.31195 5.5598
8.26107 5.63514
8.2095 5.71
8.15725 5.7844
8.10433 5.85831
