0 25.7143
0.0001 25.72
0.0002 25.7257
0.0003 25.7315
0.0004 25.7372
0.0005 25.7429
0.0006 25.7487
0.0007 25.7544
0.0008 25.7601
0.0009 25.7659
0.001 25.7716
0.0011 25.7774
0.0012 25.7831
0.0013 25.7888
0.0014 25.7946
0.0015 25.8003
0.0016 25.806
0.0017 25.8118
0.0018 25.8175
0.0019 25.8232
0.002 25.829
0.0021 25.8347
0.0022 25.8404
0.0023 25.8462
0.0024 25.8519
0.0025 25.8576
0.0026 25.8633
0.0027 25.8691
0.0028 25.8748
0.0029 25.8805
0.003 25.8862
0.0031 25.8919
0.0032 25.8977
0.0033 25.9034
0.0034 25.9091
0.0035 25.9148
0.0036 25.9205
0.0037 25.9262
0.0038 25.9319
0.0039 25.9376
0.004 25.9433
0.0041 25.949
0.0042 25.9546
0.0043 25.9603
0.0044 25.966
0.0045 25.9717
0.0046 25.9774
0.0047 25.983
0.0048 25.9887
0.0049 25.9943
0.005 26
0.0051 26.0056
0.0052 26.0113
0.0053 26.0169
0.0054 26.0226
0.0055 26.0282
0.0056 26.0338
0.0057 26.0394
0.0058 26.0451
0.0059 26.0507
0.006 26.0563
0.0061 26.0619
0.0062 26.0675
0.0063 26.0731
0.0064 26.0786
0.0065 26.0842
0.0066 26.0898
0.0067 26.0954
0.0068 26.1009
0.0069 26.1065
0.007 26.112
0.0071 26.1176
0.0072 26.1231
0.0073 26.1286
0.0074 26.1341
0.0075 26.1396
0.0076 26.1452
0.0077 26.1507
0.0078 26.1561
0.0079 26.1616
0.008 26.1671
0.0081 26.1726
0.0082 26.178
0.0083 26.1835
0.0084 26.1889
0.0085 26.1944
0.0086 26.1998
0.0087 26.2052
0.0088 26.2106
0.0089 26.216
0.009 26.2214
0.0091 26.2268
0.0092 26.2322
0.0093 26.2376
0.0094 26.2429
0.0095 26.2483
0.0096 26.2536
0.0097 26.2589
0.0098 26.2643
0.0099 26.2696
0.01 26.2749
0.0101 26.2802
0.0102 26.2855
0.0103 26.2907
0.0104 26.296
0.0105 26.3013
0.0106 26.3065
0.0107 26.3117
0.0108 26.317
0.0109 26.3222
0.011 26.3274
0.0111 26.3326
0.0112 26.3377
0.0113 26.3429
0.0114 26.3481
0.0115 26.3532
0.0116 26.3584
0.0117 26.3635
0.0118 26.3686
0.0119 26.3737
0.012 26.3788
0.0121 26.3839
0.0122 26.3889
0.0123 26.394
0.0124 26.399
0.0125 26.4041
0.0126 26.4091
0.0127 26.4141
0.0128 26.4191
0.0129 26.4241
0.013 26.4291
0.0131 26.434
0.0132 26.439
0.0133 26.4439
0.0134 26.4488
0.0135 26.4537
0.0136 26.4586
0.0137 26.4635
0.0138 26.4684
0.0139 26.4732
0.014 26.4781
0.0141 26.4829
0.0142 26.4877
0.0143 26.4925
0.0144 26.4973
0.0145 26.5021
0.0146 26.5068
0.0147 26.5116
0.0148 26.5163
0.0149 26.521
0.015 26.5257
0.0151 26.5304
0.0152 26.5351
0.0153 26.5397
0.0154 26.5444
0.0155 26.549
0.0156 26.5536
0.0157 26.5582
0.0158 26.5628
0.0159 26.5674
0.016 26.5719
0.0161 26.5764
0.0162 26.581
0.0163 26.5855
0.0164 26.59
0.0165 26.5944
0.0166 26.5989
0.0167 26.6034
0.0168 26.6078
0.0169 26.6122
0.017 26.6166
0.0171 26.621
0.0172 26.6253
0.0173 26.6297
0.0174 26.634
0.0175 26.6383
0.0176 26.6426
0.0177 26.6469
0.0178 26.6512
0.0179 26.6554
0.018 26.6597
0.0181 26.6639
0.0182 26.6681
0.0183 26.6723
0.0184 26.6764
0.0185 26.6806
0.0186 26.6847
0.0187 26.6888
0.0188 26.6929
0.0189 26.697
0.019 26.7011
0.0191 26.7051
0.0192 26.7091
0.0193 26.7131
0.0194 26.7171
0.0195 26.7211
0.0196 26.7251
0.0197 26.729
0.0198 26.7329
0.0199 26.7368
0.02 26.7407
0.0201 26.7445
0.0202 26.7484
0.0203 26.7522
0.0204 26.756
0.0205 26.7598
0.0206 26.7636
0.0207 26.7673
0.0208 26.7711
0.0209 26.7748
0.021 26.7785
0.0211 26.7821
0.0212 26.7858
0.0213 26.7894
0.0214 26.7931
0.0215 26.7967
0.0216 26.8002
0.0217 26.8038
0.0218 26.8073
0.0219 26.8109
0.022 26.8144
0.0221 26.8178
0.0222 26.8213
0.0223 26.8247
0.0224 26.8282
0.0225 26.8316
0.0226 26.835
0.0227 26.8383
0.0228 26.8417
0.0229 26.845
0.023 26.8483
0.0231 26.8516
0.0232 26.8548
0.0233 26.8581
0.0234 26.8613
0.0235 26.8645
0.0236 26.8677
0.0237 26.8708
0.0238 26.874
0.0239 26.8771
0.024 26.8802
0.0241 26.8832
0.0242 26.8863
0.0243 26.8893
0.0244 26.8923
0.0245 26.8953
0.0246 26.8983
0.0247 26.9012
0.0248 26.9042
0.0249 26.9071
0.025 26.91
0.0251 26.9128
0.0252 26.9157
0.0253 26.9185
0.0254 26.9213
0.0255 26.9241
0.0256 26.9268
0.0257 26.9295
0.0258 26.9323
0.0259 26.9349
0.026 26.9376
0.0261 26.9403
0.0262 26.9429
0.0263 26.9455
0.0264 26.9481
0.0265 26.9506
0.0266 26.9532
0.0267 26.9557
0.0268 26.9582
0.0269 26.9606
0.027 26.9631
0.0271 26.9655
0.0272 26.9679
0.0273 26.9703
0.0274 26.9726
0.0275 26.975
0.0276 26.9773
0.0277 26.9796
0.0278 26.9818
0.0279 26.9841
0.028 26.9863
0.0281 26.9885
0.0282 26.9907
0.0283 26.9928
0.0284 26.995
0.0285 26.9971
0.0286 26.9992
0.0287 27.0012
0.0288 27.0033
0.0289 27.0053
0.029 27.0073
0.0291 27.0092
0.0292 27.0112
0.0293 27.0131
0.0294 27.015
0.0295 27.0169
0.0296 27.0187
0.0297 27.0205
0.0298 27.0224
0.0299 27.0241
0.03 27.0259
0.0301 27.0276
0.0302 27.0293
0.0303 27.031
0.0304 27.0327
0.0305 27.0343
0.0306 27.0359
0.0307 27.0375
0.0308 27.0391
0.0309 27.0407
0.031 27.0422
0.0311 27.0437
0.0312 27.0452
0.0313 27.0466
0.0314 27.048
0.0315 27.0494
0.0316 27.0508
0.0317 27.0522
0.0318 27.0535
0.0319 27.0548
0.032 27.0561
0.0321 27.0573
0.0322 27.0586
0.0323 27.0598
0.0324 27.061
0.0325 27.0621
0.0326 27.0633
0.0327 27.0644
0.0328 27.0655
0.0329 27.0665
0.033 27.0676
0.0331 27.0686
0.0332 27.0696
0.0333 27.0706
0.0334 27.0715
0.0335 27.0724
0.0336 27.0733
0.0337 27.0742
0.0338 27.075
0.0339 27.0759
0.034 27.0767
0.0341 27.0774
0.0342 27.0782
0.0343 27.0789
0.0344 27.0796
0.0345 27.0803
0.0346 27.0809
0.0347 27.0816
0.0348 27.0822
0.0349 27.0828
0.035 27.0833
0.0351 27.0838
0.0352 27.0843
0.0353 27.0848
0.0354 27.0853
0.0355 27.0857
0.0356 27.0861
0.0357 27.0865
0.0358 27.0869
0.0359 27.0872
0.036 27.0875
0.0361 27.0878
0.0362 27.088
0.0363 27.0883
0.0364 27.0885
0.0365 27.0887
0.0366 27.0888
0.0367 27.089
0.0368 27.0891
0.0369 27.0892
0.037 27.0892
0.0371 27.0893
0.0372 27.0893
0.0373 27.0893
0.0374 27.0892
0.0375 27.0892
0.0376 27.0891
0.0377 27.089
0.0378 27.0888
0.0379 27.0887
0.038 27.0885
0.0381 27.0883
0.0382 27.0881
0.0383 27.0878
0.0384 27.0875
0.0385 27.0872
0.0386 27.0869
0.0387 27.0865
0.0388 27.0861
0.0389 27.0857
0.039 27.0853
0.0391 27.0848
0.0392 27.0844
0.0393 27.0839
0.0394 27.0833
0.0395 27.0828
0.0396 27.0822
0.0397 27.0816
0.0398 27.081
0.0399 27.0803
0.04 27.0796
0.0401 27.0789
0.0402 27.0782
0.0403 27.0775
0.0404 27.0767
0.0405 27.0759
0.0406 27.0751
0.0407 27.0742
0.0408 27.0734
0.0409 27.0725
0.041 27.0715
0.0411 27.0706
0.0412 27.0696
0.0413 27.0686
0.0414 27.0676
0.0415 27.0666
0.0416 27.0655
0.0417 27.0644
0.0418 27.0633
0.0419 27.0622
0.042 27.061
0.0421 27.0598
0.0422 27.0586
0.0423 27.0574
0.0424 27.0561
0.0425 27.0548
0.0426 27.0535
0.0427 27.0522
0.0428 27.0509
0.0429 27.0495
0.043 27.0481
0.0431 27.0466
0.0432 27.0452
0.0433 27.0437
0.0434 27.0422
0.0435 27.0407
0.0436 27.0392
0.0437 27.0376
0.0438 27.036
0.0439 27.0344
0.044 27.0327
0.0441 27.0311
0.0442 27.0294
0.0443 27.0277
0.0444 27.0259
0.0445 27.0242
0.0446 27.0224
0.0447 27.0206
0.0448 27.0188
0.0449 27.0169
0.045 27.015
0.0451 27.0131
0.0452 27.0112
0.0453 27.0093
0.0454 27.0073
0.0455 27.0053
0.0456 27.0033
0.0457 27.0012
0.0458 26.9992
0.0459 26.9971
0.046 26.995
0.0461 26.9929
0.0462 26.9907
0.0463 26.9885
0.0464 26.9863
0.0465 26.9841
0.0466 26.9819
0.0467 26.9796
0.0468 26.9773
0.0469 26.975
0.047 26.9727
0.0471 26.9703
0.0472 26.9679
0.0473 26.9655
0.0474 26.9631
0.0475 26.9606
0.0476 26.9582
0.0477 26.9557
0.0478 26.9532
0.0479 26.9506
0.048 26.9481
0.0481 26.9455
0.0482 26.9429
0.0483 26.9402
0.0484 26.9376
0.0485 26.9349
0.0486 26.9322
0.0487 26.9295
0.0488 26.9268
0.0489 26.924
0.049 26.9212
0.0491 26.9184
0.0492 26.9156
0.0493 26.9128
0.0494 26.9099
0.0495 26.907
0.0496 26.9041
0.0497 26.9012
0.0498 26.8982
0.0499 26.8953
0.05 26.8923
0.0501 26.8892
0.0502 26.8862
0.0503 26.8831
0.0504 26.8801
0.0505 26.877
0.0506 26.8738
0.0507 26.8707
0.0508 26.8675
0.0509 26.8644
0.051 26.8612
0.0511 26.8579
0.0512 26.8547
0.0513 26.8514
0.0514 26.8481
0.0515 26.8448
0.0516 26.8415
0.0517 26.8382
0.0518 26.8348
0.0519 26.8314
0.052 26.828
0.0521 26.8246
0.0522 26.8211
0.0523 26.8177
0.0524 26.8142
0.0525 26.8107
0.0526 26.8071
0.0527 26.8036
0.0528 26.8
0.0529 26.7964
0.053 26.7928
0.0531 26.7892
0.0532 26.7856
0.0533 26.7819
0.0534 26.7782
0.0535 26.7745
0.0536 26.7708
0.0537 26.7671
0.0538 26.7633
0.0539 26.7595
0.054 26.7557
0.0541 26.7519
0.0542 26.7481
0.0543 26.7442
0.0544 26.7404
0.0545 26.7365
0.0546 26.7326
0.0547 26.7286
0.0548 26.7247
0.0549 26.7207
0.055 26.7167
0.0551 26.7127
0.0552 26.7087
0.0553 26.7047
0.0554 26.7006
0.0555 26.6966
0.0556 26.6925
0.0557 26.6884
0.0558 26.6843
0.0559 26.6801
0.056 26.676
0.0561 26.6718
0.0562 26.6676
0.0563 26.6634
0.0564 26.6592
0.0565 26.6549
0.0566 26.6507
0.0567 26.6464
0.0568 26.6421
0.0569 26.6378
0.057 26.6335
0.0571 26.6291
0.0572 26.6248
0.0573 26.6204
0.0574 26.616
0.0575 26.6116
0.0576 26.6072
0.0577 26.6027
0.0578 26.5983
0.0579 26.5938
0.058 26.5893
0.0581 26.5848
0.0582 26.5803
0.0583 26.5757
0.0584 26.5712
0.0585 26.5666
0.0586 26.562
0.0587 26.5575
0.0588 26.5528
0.0589 26.5482
0.059 26.5436
0.0591 26.5389
0.0592 26.5342
0.0593 26.5296
0.0594 26.5249
0.0595 26.5201
0.0596 26.5154
0.0597 26.5107
0.0598 26.5059
0.0599 26.5011
0.06 26.4964
0.0601 26.4916
0.0602 26.4868
0.0603 26.4819
0.0604 26.4771
0.0605 26.4722
0.0606 26.4674
0.0607 26.4625
0.0608 26.4576
0.0609 26.4527
0.061 26.4478
0.0611 26.4428
0.0612 26.4379
0.0613 26.4329
0.0614 26.4279
0.0615 26.423
0.0616 26.418
0.0617 26.4129
0.0618 26.4079
0.0619 26.4029
0.062 26.3978
0.0621 26.3928
0.0622 26.3877
0.0623 26.3826
0.0624 26.3775
0.0625 26.3724
0.0626 26.3673
0.0627 26.3622
0.0628 26.357
0.0629 26.3519
0.063 26.3467
0.0631 26.3415
0.0632 26.3363
0.0633 26.3311
0.0634 26.3259
0.0635 26.3207
0.0636 26.3155
0.0637 26.3102
0.0638 26.305
0.0639 26.2997
0.064 26.2945
0.0641 26.2892
0.0642 26.2839
0.0643 26.2786
0.0644 26.2733
0.0645 26.2679
0.0646 26.2626
0.0647 26.2573
0.0648 26.2519
0.0649 26.2466
0.065 26.2412
0.0651 26.2358
0.0652 26.2304
0.0653 26.225
0.0654 26.2196
0.0655 26.2142
0.0656 26.2088
0.0657 26.2034
0.0658 26.1979
0.0659 26.1925
0.066 26.187
0.0661 26.1815
0.0662 26.1761
0.0663 26.1706
0.0664 26.1651
0.0665 26.1596
0.0666 26.1541
0.0667 26.1486
0.0668 26.1431
0.0669 26.1375
0.067 26.132
0.0671 26.1265
0.0672 26.1209
0.0673 26.1154
0.0674 26.1098
0.0675 26.1042
0.0676 26.0987
0.0677 26.0931
0.0678 26.0875
0.0679 26.0819
0.068 26.0763
0.0681 26.0707
0.0682 26.0651
0.0683 26.0595
0.0684 26.0539
0.0685 26.0482
0.0686 26.0426
0.0687 26.037
0.0688 26.0313
0.0689 26.0257
0.069 26.02
0.0691 26.0143
0.0692 26.0087
0.0693 26.003
0.0694 25.9973
0.0695 25.9917
0.0696 25.986
0.0697 25.9803
0.0698 25.9746
0.0699 25.9689
0.07 25.9632
0.0701 25.9575
0.0702 25.9518
0.0703 25.9461
0.0704 25.9404
0.0705 25.9347
0.0706 25.9289
0.0707 25.9232
0.0708 25.9175
0.0709 25.9118
0.071 25.906
0.0711 25.9003
0.0712 25.8946
0.0713 25.8888
0.0714 25.8831
0.0715 25.8773
0.0716 25.8716
0.0717 25.8659
0.0718 25.8601
0.0719 25.8544
0.072 25.8486
0.0721 25.8428
0.0722 25.8371
0.0723 25.8313
0.0724 25.8256
0.0725 25.8198
0.0726 25.8141
0.0727 25.8083
0.0728 25.8025
0.0729 25.7968
0.073 25.791
0.0731 25.7852
0.0732 25.7795
0.0733 25.7737
0.0734 25.768
0.0735 25.7622
0.0736 25.7564
0.0737 25.7507
0.0738 25.7449
0.0739 25.7391
0.074 25.7334
0.0741 25.7276
0.0742 25.7219
0.0743 25.7161
0.0744 25.7103
0.0745 25.7046
0.0746 25.6988
0.0747 25.6931
0.0748 25.6873
0.0749 25.6816
0.075 25.6758
0.0751 25.6701
0.0752 25.6643
0.0753 25.6586
0.0754 25.6529
0.0755 25.6471
0.0756 25.6414
0.0757 25.6357
0.0758 25.6299
0.0759 25.6242
0.076 25.6185
0.0761 25.6128
0.0762 25.607
0.0763 25.6013
0.0764 25.5956
0.0765 25.5899
0.0766 25.5842
0.0767 25.5785
0.0768 25.5728
0.0769 25.5671
0.077 25.5614
0.0771 25.5557
0.0772 25.5501
0.0773 25.5444
0.0774 25.5387
0.0775 25.5331
0.0776 25.5274
0.0777 25.5217
0.0778 25.5161
0.0779 25.5105
0.078 25.5048
0.0781 25.4992
0.0782 25.4936
0.0783 25.4879
0.0784 25.4823
0.0785 25.4767
0.0786 25.4711
0.0787 25.4655
0.0788 25.4599
0.0789 25.4543
0.079 25.4487
0.0791 25.4432
0.0792 25.4376
0.0793 25.432
0.0794 25.4265
0.0795 25.421
0.0796 25.4154
0.0797 25.4099
0.0798 25.4044
0.0799 25.3988
0.08 25.3933
0.0801 25.3878
0.0802 25.3823
0.0803 25.3769
0.0804 25.3714
0.0805 25.3659
0.0806 25.3605
0.0807 25.355
0.0808 25.3496
0.0809 25.3441
0.081 25.3387
0.0811 25.3333
0.0812 25.3279
0.0813 25.3225
0.0814 25.3171
0.0815 25.3117
0.0816 25.3063
0.0817 25.301
0.0818 25.2956
0.0819 25.2903
0.082 25.285
0.0821 25.2796
0.0822 25.2743
0.0823 25.269
0.0824 25.2637
0.0825 25.2585
0.0826 25.2532
0.0827 25.2479
0.0828 25.2427
0.0829 25.2375
0.083 25.2322
0.0831 25.227
0.0832 25.2218
0.0833 25.2166
0.0834 25.2114
0.0835 25.2063
0.0836 25.2011
0.0837 25.196
0.0838 25.1908
0.0839 25.1857
0.084 25.1806
0.0841 25.1755
0.0842 25.1704
0.0843 25.1654
0.0844 25.1603
0.0845 25.1553
0.0846 25.1502
0.0847 25.1452
0.0848 25.1402
0.0849 25.1352
0.085 25.1302
0.0851 25.1253
0.0852 25.1203
0.0853 25.1154
0.0854 25.1104
0.0855 25.1055
0.0856 25.1006
0.0857 25.0957
0.0858 25.0909
0.0859 25.086
0.086 25.0812
0.0861 25.0764
0.0862 25.0715
0.0863 25.0667
0.0864 25.062
0.0865 25.0572
0.0866 25.0524
0.0867 25.0477
0.0868 25.043
0.0869 25.0383
0.087 25.0336
0.0871 25.0289
0.0872 25.0242
0.0873 25.0196
0.0874 25.015
0.0875 25.0103
0.0876 25.0057
0.0877 25.0012
0.0878 24.9966
0.0879 24.992
0.088 24.9875
0.0881 24.983
0.0882 24.9785
0.0883 24.974
0.0884 24.9695
0.0885 24.9651
0.0886 24.9607
0.0887 24.9562
0.0888 24.9518
0.0889 24.9475
0.089 24.9431
0.0891 24.9387
0.0892 24.9344
0.0893 24.9301
0.0894 24.9258
0.0895 24.9215
0.0896 24.9173
0.0897 24.913
0.0898 24.9088
0.0899 24.9046
0.09 24.9004
0.0901 24.8963
0.0902 24.8921
0.0903 24.888
0.0904 24.8839
0.0905 24.8798
0.0906 24.8757
0.0907 24.8716
0.0908 24.8676
0.0909 24.8636
0.091 24.8596
0.0911 24.8556
0.0912 24.8517
0.0913 24.8477
0.0914 24.8438
0.0915 24.8399
0.0916 24.836
0.0917 24.8322
0.0918 24.8283
0.0919 24.8245
0.092 24.8207
0.0921 24.8169
0.0922 24.8132
0.0923 24.8094
0.0924 24.8057
0.0925 24.802
0.0926 24.7983
0.0927 24.7947
0.0928 24.791
0.0929 24.7874
0.093 24.7838
0.0931 24.7802
0.0932 24.7767
0.0933 24.7732
0.0934 24.7697
0.0935 24.7662
0.0936 24.7627
0.0937 24.7593
0.0938 24.7558
0.0939 24.7524
0.094 24.749
0.0941 24.7457
0.0942 24.7423
0.0943 24.739
0.0944 24.7357
0.0945 24.7325
0.0946 24.7292
0.0947 24.726
0.0948 24.7228
0.0949 24.7196
0.095 24.7164
0.0951 24.7133
0.0952 24.7102
0.0953 24.7071
0.0954 24.704
0.0955 24.701
0.0956 24.698
0.0957 24.695
0.0958 24.692
0.0959 24.689
0.096 24.6861
0.0961 24.6832
0.0962 24.6803
0.0963 24.6774
0.0964 24.6746
0.0965 24.6718
0.0966 24.669
0.0967 24.6662
0.0968 24.6635
0.0969 24.6608
0.097 24.6581
0.0971 24.6554
0.0972 24.6528
0.0973 24.6501
0.0974 24.6475
0.0975 24.645
0.0976 24.6424
0.0977 24.6399
0.0978 24.6374
0.0979 24.6349
0.098 24.6324
0.0981 24.63
0.0982 24.6276
0.0983 24.6252
0.0984 24.6229
0.0985 24.6205
0.0986 24.6182
0.0987 24.6159
0.0988 24.6137
0.0989 24.6115
0.099 24.6092
0.0991 24.6071
0.0992 24.6049
0.0993 24.6028
0.0994 24.6007
0.0995 24.5986
0.0996 24.5965
0.0997 24.5945
0.0998 24.5925
0.0999 24.5905
0.1 24.5885
0.1001 24.5866
0.1002 24.5847
0.1003 24.5828
0.1004 24.581
0.1005 24.5792
0.1006 24.5774
0.1007 24.5756
0.1008 24.5738
0.1009 24.5721
0.101 24.5704
0.1011 24.5687
0.1012 24.5671
0.1013 24.5655
0.1014 24.5639
0.1015 24.5623
0.1016 24.5608
0.1017 24.5592
0.1018 24.5577
0.1019 24.5563
0.102 24.5548
0.1021 24.5534
0.1022 24.552
0.1023 24.5507
0.1024 24.5494
0.1025 24.548
0.1026 24.5468
0.1027 24.5455
0.1028 24.5443
0.1029 24.5431
0.103 24.5419
0.1031 24.5408
0.1032 24.5396
0.1033 24.5385
0.1034 24.5375
0.1035 24.5364
0.1036 24.5354
0.1037 24.5344
0.1038 24.5335
0.1039 24.5325
0.104 24.5316
0.1041 24.5307
0.1042 24.5299
0.1043 24.5291
0.1044 24.5283
0.1045 24.5275
0.1046 24.5267
0.1047 24.526
0.1048 24.5253
0.1049 24.5247
0.105 24.524
0.1051 24.5234
0.1052 24.5228
0.1053 24.5223
0.1054 24.5217
0.1055 24.5212
0.1056 24.5208
0.1057 24.5203
0.1058 24.5199
0.1059 24.5195
0.106 24.5191
0.1061 24.5188
0.1062 24.5185
0.1063 24.5182
0.1064 24.5179
0.1065 24.5177
0.1066 24.5175
0.1067 24.5173
0.1068 24.5172
0.1069 24.517
0.107 24.5169
0.1071 24.5169
0.1072 24.5168
0.1073 24.5168
0.1074 24.5168
0.1075 24.5169
0.1076 24.5169
0.1077 24.517
0.1078 24.5171
0.1079 24.5173
0.108 24.5175
0.1081 24.5177
0.1082 24.5179
0.1083 24.5181
0.1084 24.5184
0.1085 24.5187
0.1086 24.5191
0.1087 24.5194
0.1088 24.5198
0.1089 24.5202
0.109 24.5207
0.1091 24.5212
0.1092 24.5217
0.1093 24.5222
0.1094 24.5227
0.1095 24.5233
0.1096 24.5239
0.1097 24.5246
0.1098 24.5252
0.1099 24.5259
0.11 24.5266
0.1101 24.5274
0.1102 24.5281
0.1103 24.5289
0.1104 24.5298
0.1105 24.5306
0.1106 24.5315
0.1107 24.5324
0.1108 24.5333
0.1109 24.5343
0.111 24.5353
0.1111 24.5363
0.1112 24.5373
0.1113 24.5384
0.1114 24.5395
0.1115 24.5406
0.1116 24.5417
0.1117 24.5429
0.1118 24.5441
0.1119 24.5453
0.112 24.5466
0.1121 24.5478
0.1122 24.5491
0.1123 24.5505
0.1124 24.5518
0.1125 24.5532
0.1126 24.5546
0.1127 24.5561
0.1128 24.5575
0.1129 24.559
0.113 24.5605
0.1131 24.5621
0.1132 24.5636
0.1133 24.5652
0.1134 24.5668
0.1135 24.5685
0.1136 24.5701
0.1137 24.5718
0.1138 24.5736
0.1139 24.5753
0.114 24.5771
0.1141 24.5789
0.1142 24.5807
0.1143 24.5826
0.1144 24.5844
0.1145 24.5863
0.1146 24.5883
0.1147 24.5902
0.1148 24.5922
0.1149 24.5942
0.115 24.5962
0.1151 24.5983
0.1152 24.6004
0.1153 24.6025
0.1154 24.6046
0.1155 24.6068
0.1156 24.6089
0.1157 24.6111
0.1158 24.6134
0.1159 24.6156
0.116 24.6179
0.1161 24.6202
0.1162 24.6226
0.1163 24.6249
0.1164 24.6273
0.1165 24.6297
0.1166 24.6321
0.1167 24.6346
0.1168 24.6371
0.1169 24.6396
0.117 24.6421
0.1171 24.6446
0.1172 24.6472
0.1173 24.6498
0.1174 24.6524
0.1175 24.6551
0.1176 24.6577
0.1177 24.6604
0.1178 24.6632
0.1179 24.6659
0.118 24.6687
0.1181 24.6715
0.1182 24.6743
0.1183 24.6771
0.1184 24.68
0.1185 24.6829
0.1186 24.6858
0.1187 24.6887
0.1188 24.6917
0.1189 24.6946
0.119 24.6976
0.1191 24.7007
0.1192 24.7037
0.1193 24.7068
0.1194 24.7099
0.1195 24.713
0.1196 24.7161
0.1197 24.7193
0.1198 24.7225
0.1199 24.7257
0.12 24.7289
0.1201 24.7322
0.1202 24.7354
0.1203 24.7387
0.1204 24.742
0.1205 24.7454
0.1206 24.7487
0.1207 24.7521
0.1208 24.7555
0.1209 24.759
0.121 24.7624
0.1211 24.7659
0.1212 24.7694
0.1213 24.7729
0.1214 24.7764
0.1215 24.78
0.1216 24.7836
0.1217 24.7871
0.1218 24.7908
0.1219 24.7944
0.122 24.7981
0.1221 24.8017
0.1222 24.8055
0.1223 24.8092
0.1224 24.8129
0.1225 24.8167
0.1226 24.8205
0.1227 24.8243
0.1228 24.8281
0.1229 24.8319
0.123 24.8358
0.1231 24.8397
0.1232 24.8436
0.1233 24.8475
0.1234 24.8515
0.1235 24.8554
0.1236 24.8594
0.1237 24.8634
0.1238 24.8674
0.1239 24.8715
0.124 24.8755
0.1241 24.8796
0.1242 24.8837
0.1243 24.8878
0.1244 24.892
0.1245 24.8961
0.1246 24.9003
0.1247 24.9045
0.1248 24.9087
0.1249 24.9129
0.125 24.9172
0.1251 24.9214
0.1252 24.9257
0.1253 24.93
0.1254 24.9343
0.1255 24.9387
0.1256 24.943
0.1257 24.9474
0.1258 24.9518
0.1259 24.9562
0.126 24.9606
0.1261 24.9651
0.1262 24.9695
0.1263 24.974
0.1264 24.9785
0.1265 24.983
0.1266 24.9875
0.1267 24.9921
0.1268 24.9966
0.1269 25.0012
0.127 25.0058
0.1271 25.0104
0.1272 25.015
0.1273 25.0197
0.1274 25.0243
0.1275 25.029
0.1276 25.0337
0.1277 25.0384
0.1278 25.0431
0.1279 25.0478
0.128 25.0526
0.1281 25.0573
0.1282 25.0621
0.1283 25.0669
0.1284 25.0717
0.1285 25.0766
0.1286 25.0814
0.1287 25.0862
0.1288 25.0911
0.1289 25.096
0.129 25.1009
0.1291 25.1058
0.1292 25.1107
0.1293 25.1157
0.1294 25.1206
0.1295 25.1256
0.1296 25.1306
0.1297 25.1355
0.1298 25.1406
0.1299 25.1456
0.13 25.1506
0.1301 25.1556
0.1302 25.1607
0.1303 25.1658
0.1304 25.1709
0.1305 25.176
0.1306 25.1811
0.1307 25.1862
0.1308 25.1913
0.1309 25.1965
0.131 25.2016
0.1311 25.2068
0.1312 25.212
0.1313 25.2172
0.1314 25.2224
0.1315 25.2276
0.1316 25.2328
0.1317 25.2381
0.1318 25.2433
0.1319 25.2486
0.132 25.2538
0.1321 25.2591
0.1322 25.2644
0.1323 25.2697
0.1324 25.275
0.1325 25.2804
0.1326 25.2857
0.1327 25.2911
0.1328 25.2964
0.1329 25.3018
0.133 25.3072
0.1331 25.3125
0.1332 25.3179
0.1333 25.3233
0.1334 25.3288
0.1335 25.3342
0.1336 25.3396
0.1337 25.3451
0.1338 25.3505
0.1339 25.356
0.134 25.3614
0.1341 25.3669
0.1342 25.3724
0.1343 25.3779
0.1344 25.3834
0.1345 25.3889
0.1346 25.3944
0.1347 25.3999
0.1348 25.4055
0.1349 25.411
0.135 25.4166
0.1351 25.4221
0.1352 25.4277
0.1353 25.4333
0.1354 25.4388
0.1355 25.4444
0.1356 25.45
0.1357 25.4556
0.1358 25.4612
0.1359 25.4668
0.136 25.4724
0.1361 25.4781
0.1362 25.4837
0.1363 25.4893
0.1364 25.495
0.1365 25.5006
0.1366 25.5063
0.1367 25.5119
0.1368 25.5176
0.1369 25.5233
0.137 25.5289
0.1371 25.5346
0.1372 25.5403
0.1373 25.546
0.1374 25.5517
0.1375 25.5574
0.1376 25.5631
0.1377 25.5688
0.1378 25.5745
0.1379 25.5802
0.138 25.586
0.1381 25.5917
0.1382 25.5974
0.1383 25.6031
0.1384 25.6089
0.1385 25.6146
0.1386 25.6204
0.1387 25.6261
0.1388 25.6319
0.1389 25.6376
0.139 25.6434
0.1391 25.6491
0.1392 25.6549
0.1393 25.6606
0.1394 25.6664
0.1395 25.6722
0.1396 25.6779
0.1397 25.6837
0.1398 25.6895
0.1399 25.6953
0.14 25.701
0.1401 25.7068
0.1402 25.7126
0.1403 25.7184
0.1404 25.7242
0.1405 25.7299
0.1406 25.7357
0.1407 25.7415
0.1408 25.7473
0.1409 25.7531
0.141 25.7589
0.1411 25.7647
0.1412 25.7705
0.1413 25.7762
0.1414 25.782
0.1415 25.7878
0.1416 25.7936
0.1417 25.7994
0.1418 25.8052
0.1419 25.811
0.142 25.8168
0.1421 25.8225
0.1422 25.8283
0.1423 25.8341
0.1424 25.8399
0.1425 25.8457
0.1426 25.8515
0.1427 25.8572
0.1428 25.863
0.1429 25.8688
0.143 25.8746
0.1431 25.8803
0.1432 25.8861
0.1433 25.8919
0.1434 25.8976
0.1435 25.9034
0.1436 25.9092
0.1437 25.9149
0.1438 25.9207
0.1439 25.9264
0.144 25.9322
0.1441 25.9379
0.1442 25.9437
0.1443 25.9494
0.1444 25.9551
0.1445 25.9609
0.1446 25.9666
0.1447 25.9723
0.1448 25.9781
0.1449 25.9838
0.145 25.9895
0.1451 25.9952
0.1452 26.0009
0.1453 26.0066
0.1454 26.0123
0.1455 26.018
0.1456 26.0237
0.1457 26.0294
0.1458 26.035
0.1459 26.0407
0.146 26.0464
0.1461 26.052
0.1462 26.0577
0.1463 26.0634
0.1464 26.069
0.1465 26.0746
0.1466 26.0803
0.1467 26.0859
0.1468 26.0915
0.1469 26.0971
0.147 26.1028
0.1471 26.1084
0.1472 26.114
0.1473 26.1195
0.1474 26.1251
0.1475 26.1307
0.1476 26.1363
0.1477 26.1418
0.1478 26.1474
0.1479 26.1529
0.148 26.1585
0.1481 26.164
0.1482 26.1695
0.1483 26.1751
0.1484 26.1806
0.1485 26.1861
0.1486 26.1916
0.1487 26.1971
0.1488 26.2025
0.1489 26.208
0.149 26.2135
0.1491 26.2189
0.1492 26.2244
0.1493 26.2298
0.1494 26.2352
0.1495 26.2406
0.1496 26.2461
0.1497 26.2515
0.1498 26.2568
0.1499 26.2622
0.15 26.2676
0.1501 26.273
0.1502 26.2783
0.1503 26.2837
0.1504 26.289
0.1505 26.2943
0.1506 26.2996
0.1507 26.3049
0.1508 26.3102
0.1509 26.3155
0.151 26.3208
0.1511 26.326
0.1512 26.3313
0.1513 26.3365
0.1514 26.3418
0.1515 26.347
0.1516 26.3522
0.1517 26.3574
0.1518 26.3626
0.1519 26.3677
0.152 26.3729
0.1521 26.378
0.1522 26.3832
0.1523 26.3883
0.1524 26.3934
0.1525 26.3985
0.1526 26.4036
0.1527 26.4087
0.1528 26.4138
0.1529 26.4188
0.153 26.4239
0.1531 26.4289
0.1532 26.4339
0.1533 26.4389
0.1534 26.4439
0.1535 26.4489
0.1536 26.4538
0.1537 26.4588
0.1538 26.4637
0.1539 26.4687
0.154 26.4736
0.1541 26.4785
0.1542 26.4834
0.1543 26.4882
0.1544 26.4931
0.1545 26.4979
0.1546 26.5028
0.1547 26.5076
0.1548 26.5124
0.1549 26.5172
0.155 26.522
0.1551 26.5267
0.1552 26.5315
0.1553 26.5362
0.1554 26.5409
0.1555 26.5456
0.1556 26.5503
0.1557 26.555
0.1558 26.5596
0.1559 26.5643
0.156 26.5689
0.1561 26.5735
0.1562 26.5781
0.1563 26.5827
0.1564 26.5872
0.1565 26.5918
0.1566 26.5963
0.1567 26.6008
0.1568 26.6053
0.1569 26.6098
0.157 26.6143
0.1571 26.6188
0.1572 26.6232
0.1573 26.6276
0.1574 26.632
0.1575 26.6364
0.1576 26.6408
0.1577 26.6451
0.1578 26.6495
0.1579 26.6538
0.158 26.6581
0.1581 26.6624
0.1582 26.6667
0.1583 26.6709
0.1584 26.6752
0.1585 26.6794
0.1586 26.6836
0.1587 26.6878
0.1588 26.692
0.1589 26.6961
0.159 26.7002
0.1591 26.7044
0.1592 26.7085
0.1593 26.7125
0.1594 26.7166
0.1595 26.7207
0.1596 26.7247
0.1597 26.7287
0.1598 26.7327
0.1599 26.7367
0.16 26.7406
0.1601 26.7445
0.1602 26.7485
0.1603 26.7524
0.1604 26.7562
0.1605 26.7601
0.1606 26.764
0.1607 26.7678
0.1608 26.7716
0.1609 26.7754
0.161 26.7791
0.1611 26.7829
0.1612 26.7866
0.1613 26.7903
0.1614 26.794
0.1615 26.7977
0.1616 26.8013
0.1617 26.805
0.1618 26.8086
0.1619 26.8122
0.162 26.8158
0.1621 26.8193
0.1622 26.8228
0.1623 26.8264
0.1624 26.8299
0.1625 26.8333
0.1626 26.8368
0.1627 26.8402
0.1628 26.8436
0.1629 26.847
0.163 26.8504
0.1631 26.8538
0.1632 26.8571
0.1633 26.8604
0.1634 26.8637
0.1635 26.867
0.1636 26.8702
0.1637 26.8735
0.1638 26.8767
0.1639 26.8799
0.164 26.883
0.1641 26.8862
0.1642 26.8893
0.1643 26.8924
0.1644 26.8955
0.1645 26.8985
0.1646 26.9016
0.1647 26.9046
0.1648 26.9076
0.1649 26.9106
0.165 26.9135
0.1651 26.9165
0.1652 26.9194
0.1653 26.9223
0.1654 26.9251
0.1655 26.928
0.1656 26.9308
0.1657 26.9336
0.1658 26.9364
0.1659 26.9392
0.166 26.9419
0.1661 26.9446
0.1662 26.9473
0.1663 26.95
0.1664 26.9526
0.1665 26.9553
0.1666 26.9579
0.1667 26.9605
0.1668 26.963
0.1669 26.9656
0.167 26.9681
0.1671 26.9706
0.1672 26.973
0.1673 26.9755
0.1674 26.9779
0.1675 26.9803
0.1676 26.9827
0.1677 26.9851
0.1678 26.9874
0.1679 26.9897
0.168 26.992
0.1681 26.9943
0.1682 26.9965
0.1683 26.9987
0.1684 27.0009
0.1685 27.0031
0.1686 27.0053
0.1687 27.0074
0.1688 27.0095
0.1689 27.0116
0.169 27.0136
0.1691 27.0157
0.1692 27.0177
0.1693 27.0197
0.1694 27.0216
0.1695 27.0236
0.1696 27.0255
0.1697 27.0274
0.1698 27.0293
0.1699 27.0311
0.17 27.0329
0.1701 27.0347
0.1702 27.0365
0.1703 27.0383
0.1704 27.04
0.1705 27.0417
0.1706 27.0434
0.1707 27.045
0.1708 27.0467
0.1709 27.0483
0.171 27.0499
0.1711 27.0514
0.1712 27.053
0.1713 27.0545
0.1714 27.056
0.1715 27.0574
0.1716 27.0589
0.1717 27.0603
0.1718 27.0617
0.1719 27.0631
0.172 27.0644
0.1721 27.0657
0.1722 27.067
0.1723 27.0683
0.1724 27.0696
0.1725 27.0708
0.1726 27.072
0.1727 27.0732
0.1728 27.0743
0.1729 27.0754
0.173 27.0765
0.1731 27.0776
0.1732 27.0787
0.1733 27.0797
0.1734 27.0807
0.1735 27.0817
0.1736 27.0827
0.1737 27.0836
0.1738 27.0845
0.1739 27.0854
0.174 27.0862
0.1741 27.0871
0.1742 27.0879
0.1743 27.0887
0.1744 27.0894
0.1745 27.0902
0.1746 27.0909
0.1747 27.0916
0.1748 27.0922
0.1749 27.0929
0.175 27.0935
0.1751 27.0941
0.1752 27.0946
0.1753 27.0952
0.1754 27.0957
0.1755 27.0962
0.1756 27.0966
0.1757 27.0971
0.1758 27.0975
0.1759 27.0979
0.176 27.0982
0.1761 27.0986
0.1762 27.0989
0.1763 27.0992
0.1764 27.0994
0.1765 27.0997
0.1766 27.0999
0.1767 27.1001
0.1768 27.1003
0.1769 27.1004
0.177 27.1005
0.1771 27.1006
0.1772 27.1007
0.1773 27.1007
0.1774 27.1007
0.1775 27.1007
0.1776 27.1007
0.1777 27.1006
0.1778 27.1005
0.1779 27.1004
0.178 27.1003
0.1781 27.1001
0.1782 27.1
0.1783 27.0998
0.1784 27.0995
0.1785 27.0993
0.1786 27.099
0.1787 27.0987
0.1788 27.0984
0.1789 27.098
0.179 27.0976
0.1791 27.0972
0.1792 27.0968
0.1793 27.0963
0.1794 27.0958
0.1795 27.0953
0.1796 27.0948
0.1797 27.0943
0.1798 27.0937
0.1799 27.0931
0.18 27.0925
0.1801 27.0918
0.1802 27.0911
0.1803 27.0904
0.1804 27.0897
0.1805 27.0889
0.1806 27.0882
0.1807 27.0874
0.1808 27.0865
0.1809 27.0857
0.181 27.0848
0.1811 27.0839
0.1812 27.083
0.1813 27.082
0.1814 27.0811
0.1815 27.0801
0.1816 27.0791
0.1817 27.078
0.1818 27.0769
0.1819 27.0758
0.182 27.0747
0.1821 27.0736
0.1822 27.0724
0.1823 27.0712
0.1824 27.07
0.1825 27.0688
0.1826 27.0675
0.1827 27.0662
0.1828 27.0649
0.1829 27.0635
0.183 27.0622
0.1831 27.0608
0.1832 27.0594
0.1833 27.058
0.1834 27.0565
0.1835 27.055
0.1836 27.0535
0.1837 27.052
0.1838 27.0504
0.1839 27.0488
0.184 27.0472
0.1841 27.0456
0.1842 27.044
0.1843 27.0423
0.1844 27.0406
0.1845 27.0389
0.1846 27.0371
0.1847 27.0353
0.1848 27.0335
0.1849 27.0317
0.185 27.0299
0.1851 27.028
0.1852 27.0261
0.1853 27.0242
0.1854 27.0223
0.1855 27.0203
0.1856 27.0183
0.1857 27.0163
0.1858 27.0143
0.1859 27.0123
0.186 27.0102
0.1861 27.0081
0.1862 27.006
0.1863 27.0038
0.1864 27.0016
0.1865 26.9995
0.1866 26.9972
0.1867 26.995
0.1868 26.9927
0.1869 26.9905
0.187 26.9881
0.1871 26.9858
0.1872 26.9835
0.1873 26.9811
0.1874 26.9787
0.1875 26.9763
0.1876 26.9738
0.1877 26.9714
0.1878 26.9689
0.1879 26.9664
0.188 26.9638
0.1881 26.9613
0.1882 26.9587
0.1883 26.9561
0.1884 26.9535
0.1885 26.9508
0.1886 26.9482
0.1887 26.9455
0.1888 26.9427
0.1889 26.94
0.189 26.9373
0.1891 26.9345
0.1892 26.9317
0.1893 26.9289
0.1894 26.926
0.1895 26.9231
0.1896 26.9203
0.1897 26.9173
0.1898 26.9144
0.1899 26.9115
0.19 26.9085
0.1901 26.9055
0.1902 26.9025
0.1903 26.8994
0.1904 26.8964
0.1905 26.8933
0.1906 26.8902
0.1907 26.8871
0.1908 26.8839
0.1909 26.8808
0.191 26.8776
0.1911 26.8744
0.1912 26.8711
0.1913 26.8679
0.1914 26.8646
0.1915 26.8613
0.1916 26.858
0.1917 26.8547
0.1918 26.8513
0.1919 26.848
0.192 26.8446
0.1921 26.8412
0.1922 26.8377
0.1923 26.8343
0.1924 26.8308
0.1925 26.8273
0.1926 26.8238
0.1927 26.8202
0.1928 26.8167
0.1929 26.8131
0.193 26.8095
0.1931 26.8059
0.1932 26.8023
0.1933 26.7986
0.1934 26.795
0.1935 26.7913
0.1936 26.7875
0.1937 26.7838
0.1938 26.7801
0.1939 26.7763
0.194 26.7725
0.1941 26.7687
0.1942 26.7649
0.1943 26.761
0.1944 26.7572
0.1945 26.7533
0.1946 26.7494
0.1947 26.7455
0.1948 26.7415
0.1949 26.7376
0.195 26.7336
0.1951 26.7296
0.1952 26.7256
0.1953 26.7216
0.1954 26.7175
0.1955 26.7134
0.1956 26.7094
0.1957 26.7053
0.1958 26.7011
0.1959 26.697
0.196 26.6928
0.1961 26.6887
0.1962 26.6845
0.1963 26.6803
0.1964 26.676
0.1965 26.6718
0.1966 26.6675
0.1967 26.6633
0.1968 26.659
0.1969 26.6547
0.197 26.6503
0.1971 26.646
0.1972 26.6416
0.1973 26.6372
0.1974 26.6328
0.1975 26.6284
0.1976 26.624
0.1977 26.6196
0.1978 26.6151
0.1979 26.6106
0.198 26.6061
0.1981 26.6016
0.1982 26.5971
0.1983 26.5926
0.1984 26.588
0.1985 26.5834
0.1986 26.5788
0.1987 26.5742
0.1988 26.5696
0.1989 26.565
0.199 26.5603
0.1991 26.5557
0.1992 26.551
0.1993 26.5463
0.1994 26.5416
0.1995 26.5369
0.1996 26.5321
0.1997 26.5274
0.1998 26.5226
0.1999 26.5178
0.2 26.513
0.2001 26.5082
0.2002 26.5034
0.2003 26.4986
0.2004 26.4937
0.2005 26.4888
0.2006 26.4839
0.2007 26.4791
0.2008 26.4741
0.2009 26.4692
0.201 26.4643
0.2011 26.4593
0.2012 26.4544
0.2013 26.4494
0.2014 26.4444
0.2015 26.4394
0.2016 26.4344
0.2017 26.4294
0.2018 26.4243
0.2019 26.4193
0.202 26.4142
0.2021 26.4091
0.2022 26.404
0.2023 26.3989
0.2024 26.3938
0.2025 26.3887
0.2026 26.3836
0.2027 26.3784
0.2028 26.3732
0.2029 26.3681
0.203 26.3629
0.2031 26.3577
0.2032 26.3525
0.2033 26.3472
0.2034 26.342
0.2035 26.3368
0.2036 26.3315
0.2037 26.3263
0.2038 26.321
0.2039 26.3157
0.204 26.3104
0.2041 26.3051
0.2042 26.2998
0.2043 26.2944
0.2044 26.2891
0.2045 26.2838
0.2046 26.2784
0.2047 26.273
0.2048 26.2677
0.2049 26.2623
0.205 26.2569
0.2051 26.2515
0.2052 26.2461
0.2053 26.2406
0.2054 26.2352
0.2055 26.2297
0.2056 26.2243
0.2057 26.2188
0.2058 26.2134
0.2059 26.2079
0.206 26.2024
0.2061 26.1969
0.2062 26.1914
0.2063 26.1859
0.2064 26.1804
0.2065 26.1748
0.2066 26.1693
0.2067 26.1638
0.2068 26.1582
0.2069 26.1526
0.207 26.1471
0.2071 26.1415
0.2072 26.1359
0.2073 26.1303
0.2074 26.1247
0.2075 26.1191
0.2076 26.1135
0.2077 26.1079
0.2078 26.1023
0.2079 26.0967
0.208 26.091
0.2081 26.0854
0.2082 26.0797
0.2083 26.0741
0.2084 26.0684
0.2085 26.0627
0.2086 26.0571
0.2087 26.0514
0.2088 26.0457
0.2089 26.04
0.209 26.0343
0.2091 26.0286
0.2092 26.0229
0.2093 26.0172
0.2094 26.0115
0.2095 26.0058
0.2096 26.0001
0.2097 25.9943
0.2098 25.9886
0.2099 25.9829
0.21 25.9771
0.2101 25.9714
0.2102 25.9656
0.2103 25.9599
0.2104 25.9541
0.2105 25.9484
0.2106 25.9426
0.2107 25.9368
0.2108 25.9311
0.2109 25.9253
0.211 25.9195
0.2111 25.9137
0.2112 25.9079
0.2113 25.9022
0.2114 25.8964
0.2115 25.8906
0.2116 25.8848
0.2117 25.879
0.2118 25.8732
0.2119 25.8674
0.212 25.8616
0.2121 25.8558
0.2122 25.85
0.2123 25.8442
0.2124 25.8384
0.2125 25.8326
0.2126 25.8268
0.2127 25.8209
0.2128 25.8151
0.2129 25.8093
0.213 25.8035
0.2131 25.7977
0.2132 25.7919
0.2133 25.7861
0.2134 25.7802
0.2135 25.7744
0.2136 25.7686
0.2137 25.7628
0.2138 25.757
0.2139 25.7512
0.214 25.7454
0.2141 25.7395
0.2142 25.7337
0.2143 25.7279
0.2144 25.7221
0.2145 25.7163
0.2146 25.7105
0.2147 25.7047
0.2148 25.6989
0.2149 25.6931
0.215 25.6873
0.2151 25.6815
0.2152 25.6757
0.2153 25.6699
0.2154 25.6641
0.2155 25.6583
0.2156 25.6525
0.2157 25.6467
0.2158 25.6409
0.2159 25.6351
0.216 25.6293
0.2161 25.6235
0.2162 25.6178
0.2163 25.612
0.2164 25.6062
0.2165 25.6005
0.2166 25.5947
0.2167 25.5889
0.2168 25.5832
0.2169 25.5774
0.217 25.5717
0.2171 25.5659
0.2172 25.5602
0.2173 25.5545
0.2174 25.5487
0.2175 25.543
0.2176 25.5373
0.2177 25.5316
0.2178 25.5259
0.2179 25.5201
0.218 25.5144
0.2181 25.5087
0.2182 25.5031
0.2183 25.4974
0.2184 25.4917
0.2185 25.486
0.2186 25.4803
0.2187 25.4747
0.2188 25.469
0.2189 25.4634
0.219 25.4577
0.2191 25.4521
0.2192 25.4465
0.2193 25.4408
0.2194 25.4352
0.2195 25.4296
0.2196 25.424
0.2197 25.4184
0.2198 25.4128
0.2199 25.4072
0.22 25.4017
0.2201 25.3961
0.2202 25.3905
0.2203 25.385
0.2204 25.3794
0.2205 25.3739
0.2206 25.3684
0.2207 25.3629
0.2208 25.3573
0.2209 25.3518
0.221 25.3463
0.2211 25.3409
0.2212 25.3354
0.2213 25.3299
0.2214 25.3245
0.2215 25.319
0.2216 25.3136
0.2217 25.3081
0.2218 25.3027
0.2219 25.2973
0.222 25.2919
0.2221 25.2865
0.2222 25.2811
0.2223 25.2758
0.2224 25.2704
0.2225 25.2651
0.2226 25.2597
0.2227 25.2544
0.2228 25.2491
0.2229 25.2438
0.223 25.2385
0.2231 25.2332
0.2232 25.2279
0.2233 25.2226
0.2234 25.2174
0.2235 25.2121
0.2236 25.2069
0.2237 25.2017
0.2238 25.1965
0.2239 25.1913
0.224 25.1861
0.2241 25.1809
0.2242 25.1758
0.2243 25.1706
0.2244 25.1655
0.2245 25.1604
0.2246 25.1553
0.2247 25.1502
0.2248 25.1451
0.2249 25.14
0.225 25.135
0.2251 25.1299
0.2252 25.1249
0.2253 25.1199
0.2254 25.1149
0.2255 25.1099
0.2256 25.1049
0.2257 25.1
0.2258 25.095
0.2259 25.0901
0.226 25.0852
0.2261 25.0803
0.2262 25.0754
0.2263 25.0705
0.2264 25.0656
0.2265 25.0608
0.2266 25.056
0.2267 25.0512
0.2268 25.0464
0.2269 25.0416
0.227 25.0368
0.2271 25.032
0.2272 25.0273
0.2273 25.0226
0.2274 25.0179
0.2275 25.0132
0.2276 25.0085
0.2277 25.0038
0.2278 24.9992
0.2279 24.9946
0.228 24.99
0.2281 24.9854
0.2282 24.9808
0.2283 24.9762
0.2284 24.9717
0.2285 24.9672
0.2286 24.9626
0.2287 24.9581
0.2288 24.9537
0.2289 24.9492
0.229 24.9448
0.2291 24.9403
0.2292 24.9359
0.2293 24.9315
0.2294 24.9272
0.2295 24.9228
0.2296 24.9185
0.2297 24.9142
0.2298 24.9099
0.2299 24.9056
0.23 24.9013
0.2301 24.8971
0.2302 24.8928
0.2303 24.8886
0.2304 24.8844
0.2305 24.8803
0.2306 24.8761
0.2307 24.872
0.2308 24.8679
0.2309 24.8638
0.231 24.8597
0.2311 24.8556
0.2312 24.8516
0.2313 24.8476
0.2314 24.8436
0.2315 24.8396
0.2316 24.8356
0.2317 24.8317
0.2318 24.8278
0.2319 24.8239
0.232 24.82
0.2321 24.8161
0.2322 24.8123
0.2323 24.8085
0.2324 24.8047
0.2325 24.8009
0.2326 24.7971
0.2327 24.7934
0.2328 24.7897
0.2329 24.786
0.233 24.7823
0.2331 24.7787
0.2332 24.775
0.2333 24.7714
0.2334 24.7678
0.2335 24.7643
0.2336 24.7607
0.2337 24.7572
0.2338 24.7537
0.2339 24.7502
0.234 24.7468
0.2341 24.7433
0.2342 24.7399
0.2343 24.7365
0.2344 24.7331
0.2345 24.7298
0.2346 24.7265
0.2347 24.7231
0.2348 24.7199
0.2349 24.7166
0.235 24.7134
0.2351 24.7102
0.2352 24.707
0.2353 24.7038
0.2354 24.7006
0.2355 24.6975
0.2356 24.6944
0.2357 24.6913
0.2358 24.6883
0.2359 24.6852
0.236 24.6822
0.2361 24.6792
0.2362 24.6763
0.2363 24.6733
0.2364 24.6704
0.2365 24.6675
0.2366 24.6647
0.2367 24.6618
0.2368 24.659
0.2369 24.6562
0.237 24.6534
0.2371 24.6507
0.2372 24.648
0.2373 24.6453
0.2374 24.6426
0.2375 24.6399
0.2376 24.6373
0.2377 24.6347
0.2378 24.6321
0.2379 24.6296
0.238 24.627
0.2381 24.6245
0.2382 24.622
0.2383 24.6196
0.2384 24.6172
0.2385 24.6147
0.2386 24.6124
0.2387 24.61
0.2388 24.6077
0.2389 24.6054
0.239 24.6031
0.2391 24.6008
0.2392 24.5986
0.2393 24.5964
0.2394 24.5942
0.2395 24.592
0.2396 24.5899
0.2397 24.5878
0.2398 24.5857
0.2399 24.5837
0.24 24.5816
0.2401 24.5796
0.2402 24.5777
0.2403 24.5757
0.2404 24.5738
0.2405 24.5719
0.2406 24.57
0.2407 24.5682
0.2408 24.5663
0.2409 24.5645
0.241 24.5628
0.2411 24.561
0.2412 24.5593
0.2413 24.5576
0.2414 24.5559
0.2415 24.5543
0.2416 24.5527
0.2417 24.5511
0.2418 24.5495
0.2419 24.548
0.242 24.5465
0.2421 24.545
0.2422 24.5436
0.2423 24.5421
0.2424 24.5407
0.2425 24.5393
0.2426 24.538
0.2427 24.5367
0.2428 24.5354
0.2429 24.5341
0.243 24.5329
0.2431 24.5316
0.2432 24.5305
0.2433 24.5293
0.2434 24.5282
0.2435 24.527
0.2436 24.526
0.2437 24.5249
0.2438 24.5239
0.2439 24.5229
0.244 24.5219
0.2441 24.521
0.2442 24.52
0.2443 24.5191
0.2444 24.5183
0.2445 24.5174
0.2446 24.5166
0.2447 24.5158
0.2448 24.5151
0.2449 24.5143
0.245 24.5136
0.2451 24.513
0.2452 24.5123
0.2453 24.5117
0.2454 24.5111
0.2455 24.5105
0.2456 24.51
0.2457 24.5095
0.2458 24.509
0.2459 24.5085
0.246 24.5081
0.2461 24.5077
0.2462 24.5073
0.2463 24.507
0.2464 24.5067
0.2465 24.5064
0.2466 24.5061
0.2467 24.5059
0.2468 24.5056
0.2469 24.5055
0.247 24.5053
0.2471 24.5052
0.2472 24.5051
0.2473 24.505
0.2474 24.5049
0.2475 24.5049
0.2476 24.5049
0.2477 24.505
0.2478 24.505
0.2479 24.5051
0.248 24.5052
0.2481 24.5054
0.2482 24.5055
0.2483 24.5057
0.2484 24.506
0.2485 24.5062
0.2486 24.5065
0.2487 24.5068
0.2488 24.5072
0.2489 24.5075
0.249 24.5079
0.2491 24.5083
0.2492 24.5088
0.2493 24.5092
0.2494 24.5097
0.2495 24.5103
0.2496 24.5108
0.2497 24.5114
0.2498 24.512
0.2499 24.5127
0.25 24.5133
0.2501 24.514
0.2502 24.5147
0.2503 24.5155
0.2504 24.5162
0.2505 24.517
0.2506 24.5179
0.2507 24.5187
0.2508 24.5196
0.2509 24.5205
0.251 24.5214
0.2511 24.5224
0.2512 24.5234
0.2513 24.5244
0.2514 24.5255
0.2515 24.5265
0.2516 24.5276
0.2517 24.5287
0.2518 24.5299
0.2519 24.5311
0.252 24.5323
0.2521 24.5335
0.2522 24.5348
0.2523 24.5361
0.2524 24.5374
0.2525 24.5387
0.2526 24.5401
0.2527 24.5415
0.2528 24.5429
0.2529 24.5443
0.253 24.5458
0.2531 24.5473
0.2532 24.5488
0.2533 24.5504
0.2534 24.5519
0.2535 24.5535
0.2536 24.5552
0.2537 24.5568
0.2538 24.5585
0.2539 24.5602
0.254 24.562
0.2541 24.5637
0.2542 24.5655
0.2543 24.5673
0.2544 24.5691
0.2545 24.571
0.2546 24.5729
0.2547 24.5748
0.2548 24.5768
0.2549 24.5787
0.255 24.5807
0.2551 24.5827
0.2552 24.5848
0.2553 24.5869
0.2554 24.589
0.2555 24.5911
0.2556 24.5932
0.2557 24.5954
0.2558 24.5976
0.2559 24.5998
0.256 24.6021
0.2561 24.6043
0.2562 24.6066
0.2563 24.609
0.2564 24.6113
0.2565 24.6137
0.2566 24.6161
0.2567 24.6185
0.2568 24.6209
0.2569 24.6234
0.257 24.6259
0.2571 24.6284
0.2572 24.631
0.2573 24.6336
0.2574 24.6362
0.2575 24.6388
0.2576 24.6414
0.2577 24.6441
0.2578 24.6468
0.2579 24.6495
0.258 24.6522
0.2581 24.655
0.2582 24.6578
0.2583 24.6606
0.2584 24.6634
0.2585 24.6663
0.2586 24.6692
0.2587 24.6721
0.2588 24.675
0.2589 24.678
0.259 24.681
0.2591 24.684
0.2592 24.687
0.2593 24.69
0.2594 24.6931
0.2595 24.6962
0.2596 24.6993
0.2597 24.7025
0.2598 24.7056
0.2599 24.7088
0.26 24.712
0.2601 24.7153
0.2602 24.7185
0.2603 24.7218
0.2604 24.7251
0.2605 24.7284
0.2606 24.7318
0.2607 24.7351
0.2608 24.7385
0.2609 24.7419
0.261 24.7454
0.2611 24.7488
0.2612 24.7523
0.2613 24.7558
0.2614 24.7593
0.2615 24.7629
0.2616 24.7664
0.2617 24.77
0.2618 24.7736
0.2619 24.7773
0.262 24.7809
0.2621 24.7846
0.2622 24.7883
0.2623 24.792
0.2624 24.7957
0.2625 24.7995
0.2626 24.8032
0.2627 24.807
0.2628 24.8109
0.2629 24.8147
0.263 24.8186
0.2631 24.8224
0.2632 24.8263
0.2633 24.8302
0.2634 24.8342
0.2635 24.8381
0.2636 24.8421
0.2637 24.8461
0.2638 24.8501
0.2639 24.8542
0.264 24.8582
0.2641 24.8623
0.2642 24.8664
0.2643 24.8705
0.2644 24.8746
0.2645 24.8788
0.2646 24.883
0.2647 24.8872
0.2648 24.8914
0.2649 24.8956
0.265 24.8998
0.2651 24.9041
0.2652 24.9084
0.2653 24.9127
0.2654 24.917
0.2655 24.9214
0.2656 24.9257
0.2657 24.9301
0.2658 24.9345
0.2659 24.9389
0.266 24.9433
0.2661 24.9478
0.2662 24.9522
0.2663 24.9567
0.2664 24.9612
0.2665 24.9657
0.2666 24.9703
0.2667 24.9748
0.2668 24.9794
0.2669 24.9839
0.267 24.9885
0.2671 24.9932
0.2672 24.9978
0.2673 25.0024
0.2674 25.0071
0.2675 25.0118
0.2676 25.0165
0.2677 25.0212
0.2678 25.0259
0.2679 25.0307
0.268 25.0354
0.2681 25.0402
0.2682 25.045
0.2683 25.0498
0.2684 25.0546
0.2685 25.0595
0.2686 25.0643
0.2687 25.0692
0.2688 25.0741
0.2689 25.079
0.269 25.0839
0.2691 25.0888
0.2692 25.0937
0.2693 25.0987
0.2694 25.1036
0.2695 25.1086
0.2696 25.1136
0.2697 25.1186
0.2698 25.1237
0.2699 25.1287
0.27 25.1337
0.2701 25.1388
0.2702 25.1439
0.2703 25.149
0.2704 25.1541
0.2705 25.1592
0.2706 25.1643
0.2707 25.1695
0.2708 25.1746
0.2709 25.1798
0.271 25.185
0.2711 25.1902
0.2712 25.1954
0.2713 25.2006
0.2714 25.2058
0.2715 25.211
0.2716 25.2163
0.2717 25.2216
0.2718 25.2268
0.2719 25.2321
0.272 25.2374
0.2721 25.2427
0.2722 25.248
0.2723 25.2534
0.2724 25.2587
0.2725 25.2641
0.2726 25.2694
0.2727 25.2748
0.2728 25.2802
0.2729 25.2856
0.273 25.291
0.2731 25.2964
0.2732 25.3018
0.2733 25.3073
0.2734 25.3127
0.2735 25.3182
0.2736 25.3236
0.2737 25.3291
0.2738 25.3346
0.2739 25.3401
0.274 25.3456
0.2741 25.3511
0.2742 25.3566
0.2743 25.3621
0.2744 25.3677
0.2745 25.3732
0.2746 25.3787
0.2747 25.3843
0.2748 25.3899
0.2749 25.3954
0.275 25.401
0.2751 25.4066
0.2752 25.4122
0.2753 25.4178
0.2754 25.4234
0.2755 25.4291
0.2756 25.4347
0.2757 25.4403
0.2758 25.446
0.2759 25.4516
0.276 25.4573
0.2761 25.4629
0.2762 25.4686
0.2763 25.4743
0.2764 25.48
0.2765 25.4856
0.2766 25.4913
0.2767 25.497
0.2768 25.5027
0.2769 25.5084
0.277 25.5142
0.2771 25.5199
0.2772 25.5256
0.2773 25.5313
0.2774 25.5371
0.2775 25.5428
0.2776 25.5486
0.2777 25.5543
0.2778 25.5601
0.2779 25.5658
0.278 25.5716
0.2781 25.5774
0.2782 25.5831
0.2783 25.5889
0.2784 25.5947
0.2785 25.6005
0.2786 25.6063
0.2787 25.6121
0.2788 25.6179
0.2789 25.6237
0.279 25.6295
0.2791 25.6353
0.2792 25.6411
0.2793 25.6469
0.2794 25.6527
0.2795 25.6585
0.2796 25.6643
0.2797 25.6701
0.2798 25.676
0.2799 25.6818
0.28 25.6876
0.2801 25.6934
0.2802 25.6993
0.2803 25.7051
0.2804 25.7109
0.2805 25.7168
0.2806 25.7226
0.2807 25.7284
0.2808 25.7343
0.2809 25.7401
0.281 25.7459
0.2811 25.7518
0.2812 25.7576
0.2813 25.7635
0.2814 25.7693
0.2815 25.7751
0.2816 25.781
0.2817 25.7868
0.2818 25.7927
0.2819 25.7985
0.282 25.8044
0.2821 25.8102
0.2822 25.816
0.2823 25.8219
0.2824 25.8277
0.2825 25.8335
0.2826 25.8394
0.2827 25.8452
0.2828 25.851
0.2829 25.8569
0.283 25.8627
0.2831 25.8685
0.2832 25.8744
0.2833 25.8802
0.2834 25.886
0.2835 25.8918
0.2836 25.8976
0.2837 25.9035
0.2838 25.9093
0.2839 25.9151
0.284 25.9209
0.2841 25.9267
0.2842 25.9325
0.2843 25.9383
0.2844 25.9441
0.2845 25.9499
0.2846 25.9557
0.2847 25.9615
0.2848 25.9672
0.2849 25.973
0.285 25.9788
0.2851 25.9846
0.2852 25.9903
0.2853 25.9961
0.2854 26.0019
0.2855 26.0076
0.2856 26.0134
0.2857 26.0191
0.2858 26.0248
0.2859 26.0306
0.286 26.0363
0.2861 26.042
0.2862 26.0477
0.2863 26.0535
0.2864 26.0592
0.2865 26.0649
0.2866 26.0706
0.2867 26.0763
0.2868 26.0819
0.2869 26.0876
0.287 26.0933
0.2871 26.099
0.2872 26.1046
0.2873 26.1103
0.2874 26.1159
0.2875 26.1216
0.2876 26.1272
0.2877 26.1328
0.2878 26.1385
0.2879 26.1441
0.288 26.1497
0.2881 26.1553
0.2882 26.1609
0.2883 26.1665
0.2884 26.172
0.2885 26.1776
0.2886 26.1832
0.2887 26.1887
0.2888 26.1943
0.2889 26.1998
0.289 26.2053
0.2891 26.2108
0.2892 26.2164
0.2893 26.2219
0.2894 26.2274
0.2895 26.2328
0.2896 26.2383
0.2897 26.2438
0.2898 26.2492
0.2899 26.2547
0.29 26.2601
0.2901 26.2656
0.2902 26.271
0.2903 26.2764
0.2904 26.2818
0.2905 26.2872
0.2906 26.2926
0.2907 26.2979
0.2908 26.3033
0.2909 26.3087
0.291 26.314
0.2911 26.3193
0.2912 26.3247
0.2913 26.33
0.2914 26.3353
0.2915 26.3405
0.2916 26.3458
0.2917 26.3511
0.2918 26.3563
0.2919 26.3616
0.292 26.3668
0.2921 26.372
0.2922 26.3773
0.2923 26.3825
0.2924 26.3876
0.2925 26.3928
0.2926 26.398
0.2927 26.4031
0.2928 26.4083
0.2929 26.4134
0.293 26.4185
0.2931 26.4236
0.2932 26.4287
0.2933 26.4338
0.2934 26.4388
0.2935 26.4439
0.2936 26.4489
0.2937 26.4539
0.2938 26.459
0.2939 26.464
0.294 26.4689
0.2941 26.4739
0.2942 26.4789
0.2943 26.4838
0.2944 26.4887
0.2945 26.4937
0.2946 26.4986
0.2947 26.5035
0.2948 26.5083
0.2949 26.5132
0.295 26.518
0.2951 26.5229
0.2952 26.5277
0.2953 26.5325
0.2954 26.5373
0.2955 26.5421
0.2956 26.5468
0.2957 26.5516
0.2958 26.5563
0.2959 26.561
0.296 26.5657
0.2961 26.5704
0.2962 26.5751
0.2963 26.5797
0.2964 26.5844
0.2965 26.589
0.2966 26.5936
0.2967 26.5982
0.2968 26.6028
0.2969 26.6073
0.297 26.6119
0.2971 26.6164
0.2972 26.6209
0.2973 26.6254
0.2974 26.6299
0.2975 26.6343
0.2976 26.6388
0.2977 26.6432
0.2978 26.6476
0.2979 26.652
0.298 26.6564
0.2981 26.6608
0.2982 26.6651
0.2983 26.6695
0.2984 26.6738
0.2985 26.6781
0.2986 26.6824
0.2987 26.6866
0.2988 26.6909
0.2989 26.6951
0.299 26.6993
0.2991 26.7035
0.2992 26.7077
0.2993 26.7118
0.2994 26.716
0.2995 26.7201
0.2996 26.7242
0.2997 26.7283
0.2998 26.7323
0.2999 26.7364
0.3 26.7404
0.3001 26.7444
0.3002 26.7484
0.3003 26.7524
0.3004 26.7563
0.3005 26.7603
0.3006 26.7642
0.3007 26.7681
0.3008 26.772
0.3009 26.7758
0.301 26.7797
0.3011 26.7835
0.3012 26.7873
0.3013 26.7911
0.3014 26.7948
0.3015 26.7986
0.3016 26.8023
0.3017 26.806
0.3018 26.8097
0.3019 26.8134
0.302 26.817
0.3021 26.8207
0.3022 26.8243
0.3023 26.8279
0.3024 26.8314
0.3025 26.835
0.3026 26.8385
0.3027 26.842
0.3028 26.8455
0.3029 26.849
0.303 26.8524
0.3031 26.8558
0.3032 26.8593
0.3033 26.8626
0.3034 26.866
0.3035 26.8693
0.3036 26.8727
0.3037 26.876
0.3038 26.8793
0.3039 26.8825
0.304 26.8858
0.3041 26.889
0.3042 26.8922
0.3043 26.8954
0.3044 26.8985
0.3045 26.9017
0.3046 26.9048
0.3047 26.9079
0.3048 26.9109
0.3049 26.914
0.305 26.917
0.3051 26.92
0.3052 26.923
0.3053 26.926
0.3054 26.9289
0.3055 26.9318
0.3056 26.9347
0.3057 26.9376
0.3058 26.9405
0.3059 26.9433
0.306 26.9461
0.3061 26.9489
0.3062 26.9516
0.3063 26.9544
0.3064 26.9571
0.3065 26.9598
0.3066 26.9625
0.3067 26.9651
0.3068 26.9678
0.3069 26.9704
0.307 26.973
0.3071 26.9755
0.3072 26.9781
0.3073 26.9806
0.3074 26.9831
0.3075 26.9856
0.3076 26.988
0.3077 26.9904
0.3078 26.9929
0.3079 26.9952
0.308 26.9976
0.3081 26.9999
0.3082 27.0022
0.3083 27.0045
0.3084 27.0068
0.3085 27.009
0.3086 27.0113
0.3087 27.0135
0.3088 27.0156
0.3089 27.0178
0.309 27.0199
0.3091 27.022
0.3092 27.0241
0.3093 27.0262
0.3094 27.0282
0.3095 27.0302
0.3096 27.0322
0.3097 27.0342
0.3098 27.0361
0.3099 27.038
0.31 27.0399
0.3101 27.0418
0.3102 27.0436
0.3103 27.0454
0.3104 27.0472
0.3105 27.049
0.3106 27.0507
0.3107 27.0525
0.3108 27.0542
0.3109 27.0558
0.311 27.0575
0.3111 27.0591
0.3112 27.0607
0.3113 27.0623
0.3114 27.0639
0.3115 27.0654
0.3116 27.0669
0.3117 27.0684
0.3118 27.0699
0.3119 27.0713
0.312 27.0727
0.3121 27.0741
0.3122 27.0754
0.3123 27.0768
0.3124 27.0781
0.3125 27.0794
0.3126 27.0806
0.3127 27.0819
0.3128 27.0831
0.3129 27.0843
0.313 27.0855
0.3131 27.0866
0.3132 27.0877
0.3133 27.0888
0.3134 27.0899
0.3135 27.0909
0.3136 27.0919
0.3137 27.0929
0.3138 27.0939
0.3139 27.0948
0.314 27.0958
0.3141 27.0967
0.3142 27.0975
0.3143 27.0984
0.3144 27.0992
0.3145 27.1
0.3146 27.1008
0.3147 27.1015
0.3148 27.1022
0.3149 27.1029
0.315 27.1036
0.3151 27.1042
0.3152 27.1049
0.3153 27.1055
0.3154 27.106
0.3155 27.1066
0.3156 27.1071
0.3157 27.1076
0.3158 27.1081
0.3159 27.1085
0.316 27.1089
0.3161 27.1093
0.3162 27.1097
0.3163 27.11
0.3164 27.1104
0.3165 27.1107
0.3166 27.1109
0.3167 27.1112
0.3168 27.1114
0.3169 27.1116
0.317 27.1118
0.3171 27.1119
0.3172 27.112
0.3173 27.1121
0.3174 27.1122
0.3175 27.1123
0.3176 27.1123
0.3177 27.1123
0.3178 27.1122
0.3179 27.1122
0.318 27.1121
0.3181 27.112
0.3182 27.1119
0.3183 27.1117
0.3184 27.1115
0.3185 27.1113
0.3186 27.1111
0.3187 27.1109
0.3188 27.1106
0.3189 27.1103
0.319 27.1099
0.3191 27.1096
0.3192 27.1092
0.3193 27.1088
0.3194 27.1084
0.3195 27.1079
0.3196 27.1074
0.3197 27.1069
0.3198 27.1064
0.3199 27.1058
0.32 27.1053
0.3201 27.1047
0.3202 27.104
0.3203 27.1034
0.3204 27.1027
0.3205 27.102
0.3206 27.1013
0.3207 27.1005
0.3208 27.0997
0.3209 27.0989
0.321 27.0981
0.3211 27.0972
0.3212 27.0964
0.3213 27.0955
0.3214 27.0945
0.3215 27.0936
0.3216 27.0926
0.3217 27.0916
0.3218 27.0906
0.3219 27.0895
0.322 27.0885
0.3221 27.0873
0.3222 27.0862
0.3223 27.0851
0.3224 27.0839
0.3225 27.0827
0.3226 27.0815
0.3227 27.0802
0.3228 27.079
0.3229 27.0777
0.323 27.0763
0.3231 27.075
0.3232 27.0736
0.3233 27.0722
0.3234 27.0708
0.3235 27.0694
0.3236 27.0679
0.3237 27.0664
0.3238 27.0649
0.3239 27.0633
0.324 27.0618
0.3241 27.0602
0.3242 27.0586
0.3243 27.0569
0.3244 27.0553
0.3245 27.0536
0.3246 27.0519
0.3247 27.0501
0.3248 27.0484
0.3249 27.0466
0.325 27.0448
0.3251 27.043
0.3252 27.0411
0.3253 27.0392
0.3254 27.0373
0.3255 27.0354
0.3256 27.0335
0.3257 27.0315
0.3258 27.0295
0.3259 27.0275
0.326 27.0254
0.3261 27.0234
0.3262 27.0213
0.3263 27.0192
0.3264 27.017
0.3265 27.0149
0.3266 27.0127
0.3267 27.0105
0.3268 27.0082
0.3269 27.006
0.327 27.0037
0.3271 27.0014
0.3272 26.9991
0.3273 26.9967
0.3274 26.9944
0.3275 26.992
0.3276 26.9896
0.3277 26.9871
0.3278 26.9847
0.3279 26.9822
0.328 26.9797
0.3281 26.9771
0.3282 26.9746
0.3283 26.972
0.3284 26.9694
0.3285 26.9668
0.3286 26.9641
0.3287 26.9615
0.3288 26.9588
0.3289 26.9561
0.329 26.9534
0.3291 26.9506
0.3292 26.9478
0.3293 26.945
0.3294 26.9422
0.3295 26.9394
0.3296 26.9365
0.3297 26.9336
0.3298 26.9307
0.3299 26.9278
0.33 26.9248
0.3301 26.9218
0.3302 26.9188
0.3303 26.9158
0.3304 26.9128
0.3305 26.9097
0.3306 26.9066
0.3307 26.9035
0.3308 26.9004
0.3309 26.8973
0.331 26.8941
0.3311 26.8909
0.3312 26.8877
0.3313 26.8845
0.3314 26.8812
0.3315 26.8779
0.3316 26.8746
0.3317 26.8713
0.3318 26.868
0.3319 26.8646
0.332 26.8612
0.3321 26.8578
0.3322 26.8544
0.3323 26.851
0.3324 26.8475
0.3325 26.844
0.3326 26.8405
0.3327 26.837
0.3328 26.8335
0.3329 26.8299
0.333 26.8263
0.3331 26.8227
0.3332 26.8191
0.3333 26.8155
0.3334 26.8118
0.3335 26.8081
0.3336 26.8044
0.3337 26.8007
0.3338 26.797
0.3339 26.7932
0.334 26.7894
0.3341 26.7856
0.3342 26.7818
0.3343 26.778
0.3344 26.7741
0.3345 26.7702
0.3346 26.7663
0.3347 26.7624
0.3348 26.7585
0.3349 26.7545
0.335 26.7506
0.3351 26.7466
0.3352 26.7426
0.3353 26.7385
0.3354 26.7345
0.3355 26.7304
0.3356 26.7264
0.3357 26.7223
0.3358 26.7181
0.3359 26.714
0.336 26.7098
0.3361 26.7057
0.3362 26.7015
0.3363 26.6973
0.3364 26.6931
0.3365 26.6888
0.3366 26.6846
0.3367 26.6803
0.3368 26.676
0.3369 26.6717
0.337 26.6673
0.3371 26.663
0.3372 26.6586
0.3373 26.6542
0.3374 26.6498
0.3375 26.6454
0.3376 26.641
0.3377 26.6366
0.3378 26.6321
0.3379 26.6276
0.338 26.6231
0.3381 26.6186
0.3382 26.6141
0.3383 26.6095
0.3384 26.605
0.3385 26.6004
0.3386 26.5958
0.3387 26.5912
0.3388 26.5866
0.3389 26.5819
0.339 26.5773
0.3391 26.5726
0.3392 26.5679
0.3393 26.5632
0.3394 26.5585
0.3395 26.5537
0.3396 26.549
0.3397 26.5442
0.3398 26.5394
0.3399 26.5347
0.34 26.5298
0.3401 26.525
0.3402 26.5202
0.3403 26.5153
0.3404 26.5105
0.3405 26.5056
0.3406 26.5007
0.3407 26.4958
0.3408 26.4909
0.3409 26.4859
0.341 26.481
0.3411 26.476
0.3412 26.471
0.3413 26.466
0.3414 26.461
0.3415 26.456
0.3416 26.451
0.3417 26.4459
0.3418 26.4409
0.3419 26.4358
0.342 26.4307
0.3421 26.4256
0.3422 26.4205
0.3423 26.4154
0.3424 26.4103
0.3425 26.4051
0.3426 26.4
0.3427 26.3948
0.3428 26.3896
0.3429 26.3844
0.343 26.3792
0.3431 26.374
0.3432 26.3688
0.3433 26.3635
0.3434 26.3583
0.3435 26.353
0.3436 26.3477
0.3437 26.3424
0.3438 26.3371
0.3439 26.3318
0.344 26.3265
0.3441 26.3212
0.3442 26.3158
0.3443 26.3105
0.3444 26.3051
0.3445 26.2998
0.3446 26.2944
0.3447 26.289
0.3448 26.2836
0.3449 26.2782
0.345 26.2727
0.3451 26.2673
0.3452 26.2619
0.3453 26.2564
0.3454 26.2509
0.3455 26.2455
0.3456 26.24
0.3457 26.2345
0.3458 26.229
0.3459 26.2235
0.346 26.218
0.3461 26.2124
0.3462 26.2069
0.3463 26.2014
0.3464 26.1958
0.3465 26.1902
0.3466 26.1847
0.3467 26.1791
0.3468 26.1735
0.3469 26.1679
0.347 26.1623
0.3471 26.1567
0.3472 26.1511
0.3473 26.1455
0.3474 26.1398
0.3475 26.1342
0.3476 26.1286
0.3477 26.1229
0.3478 26.1173
0.3479 26.1116
0.348 26.1059
0.3481 26.1002
0.3482 26.0946
0.3483 26.0889
0.3484 26.0832
0.3485 26.0775
0.3486 26.0717
0.3487 26.066
0.3488 26.0603
0.3489 26.0546
0.349 26.0488
0.3491 26.0431
0.3492 26.0374
0.3493 26.0316
0.3494 26.0259
0.3495 26.0201
0.3496 26.0143
0.3497 26.0086
0.3498 26.0028
0.3499 25.997
0.35 25.9912
0.3501 25.9854
0.3502 25.9797
0.3503 25.9739
0.3504 25.9681
0.3505 25.9622
0.3506 25.9564
0.3507 25.9506
0.3508 25.9448
0.3509 25.939
0.351 25.9332
0.3511 25.9273
0.3512 25.9215
0.3513 25.9157
0.3514 25.9099
0.3515 25.904
0.3516 25.8982
0.3517 25.8923
0.3518 25.8865
0.3519 25.8806
0.352 25.8748
0.3521 25.8689
0.3522 25.8631
0.3523 25.8572
0.3524 25.8514
0.3525 25.8455
0.3526 25.8397
0.3527 25.8338
0.3528 25.8279
0.3529 25.8221
0.353 25.8162
0.3531 25.8103
0.3532 25.8045
0.3533 25.7986
0.3534 25.7927
0.3535 25.7869
0.3536 25.781
0.3537 25.7751
0.3538 25.7693
0.3539 25.7634
0.354 25.7575
0.3541 25.7517
0.3542 25.7458
0.3543 25.7399
0.3544 25.7341
0.3545 25.7282
0.3546 25.7223
0.3547 25.7165
0.3548 25.7106
0.3549 25.7047
0.355 25.6989
0.3551 25.693
0.3552 25.6872
0.3553 25.6813
0.3554 25.6755
0.3555 25.6696
0.3556 25.6638
0.3557 25.6579
0.3558 25.6521
0.3559 25.6462
0.356 25.6404
0.3561 25.6345
0.3562 25.6287
0.3563 25.6229
0.3564 25.617
0.3565 25.6112
0.3566 25.6054
0.3567 25.5996
0.3568 25.5938
0.3569 25.5879
0.357 25.5821
0.3571 25.5763
0.3572 25.5705
0.3573 25.5647
0.3574 25.5589
0.3575 25.5532
0.3576 25.5474
0.3577 25.5416
0.3578 25.5358
0.3579 25.53
0.358 25.5243
0.3581 25.5185
0.3582 25.5128
0.3583 25.507
0.3584 25.5013
0.3585 25.4955
0.3586 25.4898
0.3587 25.4841
0.3588 25.4784
0.3589 25.4726
0.359 25.4669
0.3591 25.4612
0.3592 25.4555
0.3593 25.4498
0.3594 25.4441
0.3595 25.4385
0.3596 25.4328
0.3597 25.4271
0.3598 25.4215
0.3599 25.4158
0.36 25.4102
0.3601 25.4046
0.3602 25.3989
0.3603 25.3933
0.3604 25.3877
0.3605 25.3821
0.3606 25.3765
0.3607 25.3709
0.3608 25.3653
0.3609 25.3598
0.361 25.3542
0.3611 25.3486
0.3612 25.3431
0.3613 25.3376
0.3614 25.332
0.3615 25.3265
0.3616 25.321
0.3617 25.3155
0.3618 25.31
0.3619 25.3045
0.362 25.2991
0.3621 25.2936
0.3622 25.2881
0.3623 25.2827
0.3624 25.2773
0.3625 25.2718
0.3626 25.2664
0.3627 25.261
0.3628 25.2556
0.3629 25.2503
0.363 25.2449
0.3631 25.2395
0.3632 25.2342
0.3633 25.2288
0.3634 25.2235
0.3635 25.2182
0.3636 25.2129
0.3637 25.2076
0.3638 25.2023
0.3639 25.1971
0.364 25.1918
0.3641 25.1866
0.3642 25.1813
0.3643 25.1761
0.3644 25.1709
0.3645 25.1657
0.3646 25.1605
0.3647 25.1554
0.3648 25.1502
0.3649 25.1451
0.365 25.1399
0.3651 25.1348
0.3652 25.1297
0.3653 25.1246
0.3654 25.1195
0.3655 25.1145
0.3656 25.1094
0.3657 25.1044
0.3658 25.0994
0.3659 25.0943
0.366 25.0894
0.3661 25.0844
0.3662 25.0794
0.3663 25.0745
0.3664 25.0695
0.3665 25.0646
0.3666 25.0597
0.3667 25.0548
0.3668 25.0499
0.3669 25.0451
0.367 25.0402
0.3671 25.0354
0.3672 25.0306
0.3673 25.0258
0.3674 25.021
0.3675 25.0162
0.3676 25.0114
0.3677 25.0067
0.3678 25.002
0.3679 24.9973
0.368 24.9926
0.3681 24.9879
0.3682 24.9833
0.3683 24.9786
0.3684 24.974
0.3685 24.9694
0.3686 24.9648
0.3687 24.9602
0.3688 24.9557
0.3689 24.9511
0.369 24.9466
0.3691 24.9421
0.3692 24.9376
0.3693 24.9331
0.3694 24.9287
0.3695 24.9243
0.3696 24.9198
0.3697 24.9154
0.3698 24.9111
0.3699 24.9067
0.37 24.9024
0.3701 24.898
0.3702 24.8937
0.3703 24.8894
0.3704 24.8852
0.3705 24.8809
0.3706 24.8767
0.3707 24.8725
0.3708 24.8683
0.3709 24.8641
0.371 24.8599
0.3711 24.8558
0.3712 24.8517
0.3713 24.8476
0.3714 24.8435
0.3715 24.8394
0.3716 24.8354
0.3717 24.8314
0.3718 24.8274
0.3719 24.8234
0.372 24.8194
0.3721 24.8155
0.3722 24.8116
0.3723 24.8077
0.3724 24.8038
0.3725 24.8
0.3726 24.7961
0.3727 24.7923
0.3728 24.7885
0.3729 24.7847
0.373 24.781
0.3731 24.7772
0.3732 24.7735
0.3733 24.7698
0.3734 24.7662
0.3735 24.7625
0.3736 24.7589
0.3737 24.7553
0.3738 24.7517
0.3739 24.7481
0.374 24.7446
0.3741 24.7411
0.3742 24.7376
0.3743 24.7341
0.3744 24.7307
0.3745 24.7272
0.3746 24.7238
0.3747 24.7204
0.3748 24.7171
0.3749 24.7137
0.375 24.7104
0.3751 24.7071
0.3752 24.7039
0.3753 24.7006
0.3754 24.6974
0.3755 24.6942
0.3756 24.691
0.3757 24.6878
0.3758 24.6847
0.3759 24.6816
0.376 24.6785
0.3761 24.6754
0.3762 24.6724
0.3763 24.6694
0.3764 24.6664
0.3765 24.6634
0.3766 24.6605
0.3767 24.6575
0.3768 24.6546
0.3769 24.6518
0.377 24.6489
0.3771 24.6461
0.3772 24.6433
0.3773 24.6405
0.3774 24.6378
0.3775 24.635
0.3776 24.6323
0.3777 24.6296
0.3778 24.627
0.3779 24.6243
0.378 24.6217
0.3781 24.6192
0.3782 24.6166
0.3783 24.6141
0.3784 24.6115
0.3785 24.6091
0.3786 24.6066
0.3787 24.6042
0.3788 24.6018
0.3789 24.5994
0.379 24.597
0.3791 24.5947
0.3792 24.5924
0.3793 24.5901
0.3794 24.5878
0.3795 24.5856
0.3796 24.5834
0.3797 24.5812
0.3798 24.5791
0.3799 24.5769
0.38 24.5748
0.3801 24.5727
0.3802 24.5707
0.3803 24.5687
0.3804 24.5667
0.3805 24.5647
0.3806 24.5627
0.3807 24.5608
0.3808 24.5589
0.3809 24.5571
0.381 24.5552
0.3811 24.5534
0.3812 24.5516
0.3813 24.5498
0.3814 24.5481
0.3815 24.5464
0.3816 24.5447
0.3817 24.543
0.3818 24.5414
0.3819 24.5398
0.382 24.5382
0.3821 24.5367
0.3822 24.5351
0.3823 24.5336
0.3824 24.5322
0.3825 24.5307
0.3826 24.5293
0.3827 24.5279
0.3828 24.5265
0.3829 24.5252
0.383 24.5239
0.3831 24.5226
0.3832 24.5213
0.3833 24.5201
0.3834 24.5189
0.3835 24.5177
0.3836 24.5166
0.3837 24.5154
0.3838 24.5143
0.3839 24.5133
0.384 24.5122
0.3841 24.5112
0.3842 24.5102
0.3843 24.5093
0.3844 24.5083
0.3845 24.5074
0.3846 24.5065
0.3847 24.5057
0.3848 24.5049
0.3849 24.5041
0.385 24.5033
0.3851 24.5026
0.3852 24.5018
0.3853 24.5012
0.3854 24.5005
0.3855 24.4999
0.3856 24.4993
0.3857 24.4987
0.3858 24.4981
0.3859 24.4976
0.386 24.4971
0.3861 24.4967
0.3862 24.4962
0.3863 24.4958
0.3864 24.4954
0.3865 24.4951
0.3866 24.4947
0.3867 24.4944
0.3868 24.4942
0.3869 24.4939
0.387 24.4937
0.3871 24.4935
0.3872 24.4933
0.3873 24.4932
0.3874 24.4931
0.3875 24.493
0.3876 24.493
0.3877 24.4929
0.3878 24.4929
0.3879 24.493
0.388 24.493
0.3881 24.4931
0.3882 24.4932
0.3883 24.4934
0.3884 24.4935
0.3885 24.4937
0.3886 24.494
0.3887 24.4942
0.3888 24.4945
0.3889 24.4948
0.389 24.4951
0.3891 24.4955
0.3892 24.4959
0.3893 24.4963
0.3894 24.4967
0.3895 24.4972
0.3896 24.4977
0.3897 24.4983
0.3898 24.4988
0.3899 24.4994
0.39 24.5
0.3901 24.5006
0.3902 24.5013
0.3903 24.502
0.3904 24.5027
0.3905 24.5035
0.3906 24.5042
0.3907 24.505
0.3908 24.5059
0.3909 24.5067
0.391 24.5076
0.3911 24.5085
0.3912 24.5095
0.3913 24.5104
0.3914 24.5114
0.3915 24.5125
0.3916 24.5135
0.3917 24.5146
0.3918 24.5157
0.3919 24.5168
0.392 24.518
0.3921 24.5192
0.3922 24.5204
0.3923 24.5216
0.3924 24.5229
0.3925 24.5242
0.3926 24.5255
0.3927 24.5268
0.3928 24.5282
0.3929 24.5296
0.393 24.531
0.3931 24.5325
0.3932 24.534
0.3933 24.5355
0.3934 24.537
0.3935 24.5386
0.3936 24.5402
0.3937 24.5418
0.3938 24.5434
0.3939 24.5451
0.394 24.5468
0.3941 24.5485
0.3942 24.5502
0.3943 24.552
0.3944 24.5538
0.3945 24.5556
0.3946 24.5575
0.3947 24.5594
0.3948 24.5613
0.3949 24.5632
0.395 24.5652
0.3951 24.5671
0.3952 24.5691
0.3953 24.5712
0.3954 24.5732
0.3955 24.5753
0.3956 24.5774
0.3957 24.5796
0.3958 24.5817
0.3959 24.5839
0.396 24.5861
0.3961 24.5884
0.3962 24.5906
0.3963 24.5929
0.3964 24.5953
0.3965 24.5976
0.3966 24.6
0.3967 24.6024
0.3968 24.6048
0.3969 24.6072
0.397 24.6097
0.3971 24.6122
0.3972 24.6147
0.3973 24.6172
0.3974 24.6198
0.3975 24.6224
0.3976 24.625
0.3977 24.6277
0.3978 24.6303
0.3979 24.633
0.398 24.6357
0.3981 24.6385
0.3982 24.6412
0.3983 24.644
0.3984 24.6468
0.3985 24.6497
0.3986 24.6525
0.3987 24.6554
0.3988 24.6583
0.3989 24.6613
0.399 24.6642
0.3991 24.6672
0.3992 24.6702
0.3993 24.6732
0.3994 24.6763
0.3995 24.6793
0.3996 24.6824
0.3997 24.6856
0.3998 24.6887
0.3999 24.6919
0.4 24.6951
0.4001 24.6983
0.4002 24.7015
0.4003 24.7048
0.4004 24.7081
0.4005 24.7114
0.4006 24.7147
0.4007 24.718
0.4008 24.7214
0.4009 24.7248
0.401 24.7282
0.4011 24.7317
0.4012 24.7351
0.4013 24.7386
0.4014 24.7421
0.4015 24.7457
0.4016 24.7492
0.4017 24.7528
0.4018 24.7564
0.4019 24.76
0.402 24.7636
0.4021 24.7673
0.4022 24.771
0.4023 24.7747
0.4024 24.7784
0.4025 24.7821
0.4026 24.7859
0.4027 24.7897
0.4028 24.7935
0.4029 24.7973
0.403 24.8012
0.4031 24.805
0.4032 24.8089
0.4033 24.8128
0.4034 24.8168
0.4035 24.8207
0.4036 24.8247
0.4037 24.8287
0.4038 24.8327
0.4039 24.8367
0.404 24.8408
0.4041 24.8449
0.4042 24.849
0.4043 24.8531
0.4044 24.8572
0.4045 24.8614
0.4046 24.8655
0.4047 24.8697
0.4048 24.8739
0.4049 24.8781
0.405 24.8824
0.4051 24.8867
0.4052 24.8909
0.4053 24.8952
0.4054 24.8996
0.4055 24.9039
0.4056 24.9083
0.4057 24.9126
0.4058 24.917
0.4059 24.9214
0.406 24.9259
0.4061 24.9303
0.4062 24.9348
0.4063 24.9393
0.4064 24.9438
0.4065 24.9483
0.4066 24.9528
0.4067 24.9574
0.4068 24.962
0.4069 24.9665
0.407 24.9712
0.4071 24.9758
0.4072 24.9804
0.4073 24.9851
0.4074 24.9897
0.4075 24.9944
0.4076 24.9991
0.4077 25.0039
0.4078 25.0086
0.4079 25.0134
0.408 25.0181
0.4081 25.0229
0.4082 25.0277
0.4083 25.0325
0.4084 25.0374
0.4085 25.0422
0.4086 25.0471
0.4087 25.0519
0.4088 25.0568
0.4089 25.0618
0.409 25.0667
0.4091 25.0716
0.4092 25.0766
0.4093 25.0815
0.4094 25.0865
0.4095 25.0915
0.4096 25.0965
0.4097 25.1016
0.4098 25.1066
0.4099 25.1116
0.41 25.1167
0.4101 25.1218
0.4102 25.1269
0.4103 25.132
0.4104 25.1371
0.4105 25.1423
0.4106 25.1474
0.4107 25.1526
0.4108 25.1577
0.4109 25.1629
0.411 25.1681
0.4111 25.1733
0.4112 25.1786
0.4113 25.1838
0.4114 25.1891
0.4115 25.1943
0.4116 25.1996
0.4117 25.2049
0.4118 25.2102
0.4119 25.2155
0.412 25.2208
0.4121 25.2261
0.4122 25.2315
0.4123 25.2368
0.4124 25.2422
0.4125 25.2476
0.4126 25.253
0.4127 25.2584
0.4128 25.2638
0.4129 25.2692
0.413 25.2746
0.4131 25.2801
0.4132 25.2855
0.4133 25.291
0.4134 25.2965
0.4135 25.302
0.4136 25.3075
0.4137 25.313
0.4138 25.3185
0.4139 25.324
0.414 25.3295
0.4141 25.3351
0.4142 25.3406
0.4143 25.3462
0.4144 25.3517
0.4145 25.3573
0.4146 25.3629
0.4147 25.3685
0.4148 25.3741
0.4149 25.3797
0.415 25.3853
0.4151 25.3909
0.4152 25.3966
0.4153 25.4022
0.4154 25.4079
0.4155 25.4135
0.4156 25.4192
0.4157 25.4249
0.4158 25.4305
0.4159 25.4362
0.416 25.4419
0.4161 25.4476
0.4162 25.4533
0.4163 25.459
0.4164 25.4647
0.4165 25.4705
0.4166 25.4762
0.4167 25.4819
0.4168 25.4877
0.4169 25.4934
0.417 25.4992
0.4171 25.505
0.4172 25.5107
0.4173 25.5165
0.4174 25.5223
0.4175 25.5281
0.4176 25.5338
0.4177 25.5396
0.4178 25.5454
0.4179 25.5512
0.418 25.557
0.4181 25.5629
0.4182 25.5687
0.4183 25.5745
0.4184 25.5803
0.4185 25.5861
0.4186 25.592
0.4187 25.5978
0.4188 25.6037
0.4189 25.6095
0.419 25.6153
0.4191 25.6212
0.4192 25.6271
0.4193 25.6329
0.4194 25.6388
0.4195 25.6446
0.4196 25.6505
0.4197 25.6564
0.4198 25.6622
0.4199 25.6681
0.42 25.674
0.4201 25.6799
0.4202 25.6857
0.4203 25.6916
0.4204 25.6975
0.4205 25.7034
0.4206 25.7093
0.4207 25.7152
0.4208 25.721
0.4209 25.7269
0.421 25.7328
0.4211 25.7387
0.4212 25.7446
0.4213 25.7505
0.4214 25.7564
0.4215 25.7623
0.4216 25.7682
0.4217 25.7741
0.4218 25.78
0.4219 25.7859
0.422 25.7918
0.4221 25.7976
0.4222 25.8035
0.4223 25.8094
0.4224 25.8153
0.4225 25.8212
0.4226 25.8271
0.4227 25.833
0.4228 25.8389
0.4229 25.8448
0.423 25.8507
0.4231 25.8565
0.4232 25.8624
0.4233 25.8683
0.4234 25.8742
0.4235 25.8801
0.4236 25.8859
0.4237 25.8918
0.4238 25.8977
0.4239 25.9035
0.424 25.9094
0.4241 25.9153
0.4242 25.9211
0.4243 25.927
0.4244 25.9329
0.4245 25.9387
0.4246 25.9446
0.4247 25.9504
0.4248 25.9562
0.4249 25.9621
0.425 25.9679
0.4251 25.9737
0.4252 25.9796
0.4253 25.9854
0.4254 25.9912
0.4255 25.997
0.4256 26.0028
0.4257 26.0086
0.4258 26.0144
0.4259 26.0202
0.426 26.026
0.4261 26.0318
0.4262 26.0376
0.4263 26.0434
0.4264 26.0491
0.4265 26.0549
0.4266 26.0607
0.4267 26.0664
0.4268 26.0722
0.4269 26.0779
0.427 26.0837
0.4271 26.0894
0.4272 26.0951
0.4273 26.1008
0.4274 26.1065
0.4275 26.1123
0.4276 26.118
0.4277 26.1236
0.4278 26.1293
0.4279 26.135
0.428 26.1407
0.4281 26.1464
0.4282 26.152
0.4283 26.1577
0.4284 26.1633
0.4285 26.1689
0.4286 26.1746
0.4287 26.1802
0.4288 26.1858
0.4289 26.1914
0.429 26.197
0.4291 26.2026
0.4292 26.2082
0.4293 26.2137
0.4294 26.2193
0.4295 26.2249
0.4296 26.2304
0.4297 26.2359
0.4298 26.2415
0.4299 26.247
0.43 26.2525
0.4301 26.258
0.4302 26.2635
0.4303 26.269
0.4304 26.2744
0.4305 26.2799
0.4306 26.2853
0.4307 26.2908
0.4308 26.2962
0.4309 26.3016
0.431 26.307
0.4311 26.3124
0.4312 26.3178
0.4313 26.3232
0.4314 26.3286
0.4315 26.3339
0.4316 26.3393
0.4317 26.3446
0.4318 26.35
0.4319 26.3553
0.432 26.3606
0.4321 26.3659
0.4322 26.3711
0.4323 26.3764
0.4324 26.3817
0.4325 26.3869
0.4326 26.3922
0.4327 26.3974
0.4328 26.4026
0.4329 26.4078
0.433 26.413
0.4331 26.4181
0.4332 26.4233
0.4333 26.4285
0.4334 26.4336
0.4335 26.4387
0.4336 26.4438
0.4337 26.4489
0.4338 26.454
0.4339 26.4591
0.434 26.4641
0.4341 26.4692
0.4342 26.4742
0.4343 26.4792
0.4344 26.4842
0.4345 26.4892
0.4346 26.4942
0.4347 26.4992
0.4348 26.5041
0.4349 26.509
0.435 26.514
0.4351 26.5189
0.4352 26.5238
0.4353 26.5286
0.4354 26.5335
0.4355 26.5384
0.4356 26.5432
0.4357 26.548
0.4358 26.5528
0.4359 26.5576
0.436 26.5624
0.4361 26.5671
0.4362 26.5719
0.4363 26.5766
0.4364 26.5813
0.4365 26.586
0.4366 26.5907
0.4367 26.5954
0.4368 26.6
0.4369 26.6047
0.437 26.6093
0.4371 26.6139
0.4372 26.6185
0.4373 26.623
0.4374 26.6276
0.4375 26.6321
0.4376 26.6367
0.4377 26.6412
0.4378 26.6456
0.4379 26.6501
0.438 26.6546
0.4381 26.659
0.4382 26.6634
0.4383 26.6678
0.4384 26.6722
0.4385 26.6766
0.4386 26.681
0.4387 26.6853
0.4388 26.6896
0.4389 26.6939
0.439 26.6982
0.4391 26.7025
0.4392 26.7067
0.4393 26.7109
0.4394 26.7152
0.4395 26.7193
0.4396 26.7235
0.4397 26.7277
0.4398 26.7318
0.4399 26.7359
0.44 26.7401
0.4401 26.7441
0.4402 26.7482
0.4403 26.7523
0.4404 26.7563
0.4405 26.7603
0.4406 26.7643
0.4407 26.7683
0.4408 26.7722
0.4409 26.7762
0.441 26.7801
0.4411 26.784
0.4412 26.7878
0.4413 26.7917
0.4414 26.7955
0.4415 26.7994
0.4416 26.8032
0.4417 26.807
0.4418 26.8107
0.4419 26.8145
0.442 26.8182
0.4421 26.8219
0.4422 26.8256
0.4423 26.8292
0.4424 26.8329
0.4425 26.8365
0.4426 26.8401
0.4427 26.8437
0.4428 26.8472
0.4429 26.8508
0.443 26.8543
0.4431 26.8578
0.4432 26.8613
0.4433 26.8648
0.4434 26.8682
0.4435 26.8716
0.4436 26.875
0.4437 26.8784
0.4438 26.8817
0.4439 26.8851
0.444 26.8884
0.4441 26.8917
0.4442 26.895
0.4443 26.8982
0.4444 26.9014
0.4445 26.9046
0.4446 26.9078
0.4447 26.911
0.4448 26.9141
0.4449 26.9173
0.445 26.9204
0.4451 26.9235
0.4452 26.9265
0.4453 26.9295
0.4454 26.9326
0.4455 26.9356
0.4456 26.9385
0.4457 26.9415
0.4458 26.9444
0.4459 26.9473
0.446 26.9502
0.4461 26.953
0.4462 26.9559
0.4463 26.9587
0.4464 26.9615
0.4465 26.9643
0.4466 26.967
0.4467 26.9697
0.4468 26.9724
0.4469 26.9751
0.447 26.9778
0.4471 26.9804
0.4472 26.983
0.4473 26.9856
0.4474 26.9882
0.4475 26.9907
0.4476 26.9933
0.4477 26.9958
0.4478 26.9982
0.4479 27.0007
0.448 27.0031
0.4481 27.0055
0.4482 27.0079
0.4483 27.0103
0.4484 27.0126
0.4485 27.0149
0.4486 27.0172
0.4487 27.0195
0.4488 27.0217
0.4489 27.0239
0.449 27.0261
0.4491 27.0283
0.4492 27.0305
0.4493 27.0326
0.4494 27.0347
0.4495 27.0368
0.4496 27.0388
0.4497 27.0408
0.4498 27.0429
0.4499 27.0448
0.45 27.0468
0.4501 27.0487
0.4502 27.0506
0.4503 27.0525
0.4504 27.0544
0.4505 27.0562
0.4506 27.058
0.4507 27.0598
0.4508 27.0616
0.4509 27.0634
0.451 27.0651
0.4511 27.0668
0.4512 27.0684
0.4513 27.0701
0.4514 27.0717
0.4515 27.0733
0.4516 27.0749
0.4517 27.0764
0.4518 27.0779
0.4519 27.0794
0.452 27.0809
0.4521 27.0824
0.4522 27.0838
0.4523 27.0852
0.4524 27.0866
0.4525 27.0879
0.4526 27.0893
0.4527 27.0906
0.4528 27.0918
0.4529 27.0931
0.453 27.0943
0.4531 27.0955
0.4532 27.0967
0.4533 27.0979
0.4534 27.099
0.4535 27.1001
0.4536 27.1012
0.4537 27.1022
0.4538 27.1033
0.4539 27.1043
0.454 27.1053
0.4541 27.1062
0.4542 27.1071
0.4543 27.108
0.4544 27.1089
0.4545 27.1098
0.4546 27.1106
0.4547 27.1114
0.4548 27.1122
0.4549 27.113
0.455 27.1137
0.4551 27.1144
0.4552 27.1151
0.4553 27.1157
0.4554 27.1164
0.4555 27.117
0.4556 27.1175
0.4557 27.1181
0.4558 27.1186
0.4559 27.1191
0.456 27.1196
0.4561 27.1201
0.4562 27.1205
0.4563 27.1209
0.4564 27.1213
0.4565 27.1216
0.4566 27.122
0.4567 27.1223
0.4568 27.1225
0.4569 27.1228
0.457 27.123
0.4571 27.1232
0.4572 27.1234
0.4573 27.1236
0.4574 27.1237
0.4575 27.1238
0.4576 27.1239
0.4577 27.1239
0.4578 27.1239
0.4579 27.1239
0.458 27.1239
0.4581 27.1239
0.4582 27.1238
0.4583 27.1237
0.4584 27.1236
0.4585 27.1234
0.4586 27.1232
0.4587 27.123
0.4588 27.1228
0.4589 27.1225
0.459 27.1223
0.4591 27.122
0.4592 27.1216
0.4593 27.1213
0.4594 27.1209
0.4595 27.1205
0.4596 27.1201
0.4597 27.1196
0.4598 27.1191
0.4599 27.1186
0.46 27.1181
0.4601 27.1175
0.4602 27.117
0.4603 27.1163
0.4604 27.1157
0.4605 27.1151
0.4606 27.1144
0.4607 27.1137
0.4608 27.1129
0.4609 27.1122
0.461 27.1114
0.4611 27.1106
0.4612 27.1098
0.4613 27.1089
0.4614 27.108
0.4615 27.1071
0.4616 27.1062
0.4617 27.1052
0.4618 27.1042
0.4619 27.1032
0.462 27.1022
0.4621 27.1011
0.4622 27.1001
0.4623 27.099
0.4624 27.0978
0.4625 27.0967
0.4626 27.0955
0.4627 27.0943
0.4628 27.0931
0.4629 27.0918
0.463 27.0905
0.4631 27.0892
0.4632 27.0879
0.4633 27.0865
0.4634 27.0852
0.4635 27.0837
0.4636 27.0823
0.4637 27.0809
0.4638 27.0794
0.4639 27.0779
0.464 27.0764
0.4641 27.0748
0.4642 27.0732
0.4643 27.0716
0.4644 27.07
0.4645 27.0684
0.4646 27.0667
0.4647 27.065
0.4648 27.0633
0.4649 27.0615
0.465 27.0598
0.4651 27.058
0.4652 27.0561
0.4653 27.0543
0.4654 27.0524
0.4655 27.0506
0.4656 27.0486
0.4657 27.0467
0.4658 27.0447
0.4659 27.0428
0.466 27.0407
0.4661 27.0387
0.4662 27.0366
0.4663 27.0346
0.4664 27.0325
0.4665 27.0303
0.4666 27.0282
0.4667 27.026
0.4668 27.0238
0.4669 27.0216
0.467 27.0193
0.4671 27.0171
0.4672 27.0148
0.4673 27.0125
0.4674 27.0101
0.4675 27.0078
0.4676 27.0054
0.4677 27.003
0.4678 27.0005
0.4679 26.9981
0.468 26.9956
0.4681 26.9931
0.4682 26.9906
0.4683 26.988
0.4684 26.9854
0.4685 26.9828
0.4686 26.9802
0.4687 26.9776
0.4688 26.9749
0.4689 26.9722
0.469 26.9695
0.4691 26.9668
0.4692 26.964
0.4693 26.9613
0.4694 26.9585
0.4695 26.9557
0.4696 26.9528
0.4697 26.9499
0.4698 26.9471
0.4699 26.9441
0.47 26.9412
0.4701 26.9383
0.4702 26.9353
0.4703 26.9323
0.4704 26.9293
0.4705 26.9262
0.4706 26.9232
0.4707 26.9201
0.4708 26.917
0.4709 26.9138
0.471 26.9107
0.4711 26.9075
0.4712 26.9043
0.4713 26.9011
0.4714 26.8979
0.4715 26.8946
0.4716 26.8913
0.4717 26.888
0.4718 26.8847
0.4719 26.8814
0.472 26.878
0.4721 26.8746
0.4722 26.8712
0.4723 26.8678
0.4724 26.8644
0.4725 26.8609
0.4726 26.8574
0.4727 26.8539
0.4728 26.8504
0.4729 26.8468
0.473 26.8432
0.4731 26.8397
0.4732 26.836
0.4733 26.8324
0.4734 26.8288
0.4735 26.8251
0.4736 26.8214
0.4737 26.8177
0.4738 26.814
0.4739 26.8102
0.474 26.8064
0.4741 26.8026
0.4742 26.7988
0.4743 26.795
0.4744 26.7912
0.4745 26.7873
0.4746 26.7834
0.4747 26.7795
0.4748 26.7756
0.4749 26.7716
0.475 26.7677
0.4751 26.7637
0.4752 26.7597
0.4753 26.7557
0.4754 26.7516
0.4755 26.7476
0.4756 26.7435
0.4757 26.7394
0.4758 26.7353
0.4759 26.7311
0.476 26.727
0.4761 26.7228
0.4762 26.7186
0.4763 26.7144
0.4764 26.7102
0.4765 26.706
0.4766 26.7017
0.4767 26.6974
0.4768 26.6931
0.4769 26.6888
0.477 26.6845
0.4771 26.6801
0.4772 26.6758
0.4773 26.6714
0.4774 26.667
0.4775 26.6626
0.4776 26.6581
0.4777 26.6537
0.4778 26.6492
0.4779 26.6447
0.478 26.6402
0.4781 26.6357
0.4782 26.6312
0.4783 26.6266
0.4784 26.6221
0.4785 26.6175
0.4786 26.6129
0.4787 26.6083
0.4788 26.6036
0.4789 26.599
0.479 26.5943
0.4791 26.5896
0.4792 26.5849
0.4793 26.5802
0.4794 26.5755
0.4795 26.5708
0.4796 26.566
0.4797 26.5612
0.4798 26.5564
0.4799 26.5516
0.48 26.5468
0.4801 26.542
0.4802 26.5371
0.4803 26.5323
0.4804 26.5274
0.4805 26.5225
0.4806 26.5176
0.4807 26.5127
0.4808 26.5077
0.4809 26.5028
0.481 26.4978
0.4811 26.4929
0.4812 26.4879
0.4813 26.4829
0.4814 26.4778
0.4815 26.4728
0.4816 26.4678
0.4817 26.4627
0.4818 26.4576
0.4819 26.4525
0.482 26.4474
0.4821 26.4423
0.4822 26.4372
0.4823 26.4321
0.4824 26.4269
0.4825 26.4217
0.4826 26.4166
0.4827 26.4114
0.4828 26.4062
0.4829 26.401
0.483 26.3957
0.4831 26.3905
0.4832 26.3852
0.4833 26.38
0.4834 26.3747
0.4835 26.3694
0.4836 26.3641
0.4837 26.3588
0.4838 26.3535
0.4839 26.3481
0.484 26.3428
0.4841 26.3374
0.4842 26.3321
0.4843 26.3267
0.4844 26.3213
0.4845 26.3159
0.4846 26.3105
0.4847 26.3051
0.4848 26.2997
0.4849 26.2942
0.485 26.2888
0.4851 26.2833
0.4852 26.2778
0.4853 26.2724
0.4854 26.2669
0.4855 26.2614
0.4856 26.2559
0.4857 26.2503
0.4858 26.2448
0.4859 26.2393
0.486 26.2337
0.4861 26.2282
0.4862 26.2226
0.4863 26.217
0.4864 26.2114
0.4865 26.2058
0.4866 26.2002
0.4867 26.1946
0.4868 26.189
0.4869 26.1834
0.487 26.1778
0.4871 26.1721
0.4872 26.1665
0.4873 26.1608
0.4874 26.1552
0.4875 26.1495
0.4876 26.1438
0.4877 26.1381
0.4878 26.1324
0.4879 26.1267
0.488 26.121
0.4881 26.1153
0.4882 26.1096
0.4883 26.1038
0.4884 26.0981
0.4885 26.0924
0.4886 26.0866
0.4887 26.0809
0.4888 26.0751
0.4889 26.0693
0.489 26.0636
0.4891 26.0578
0.4892 26.052
0.4893 26.0462
0.4894 26.0404
0.4895 26.0346
0.4896 26.0288
0.4897 26.023
0.4898 26.0172
0.4899 26.0114
0.49 26.0055
0.4901 25.9997
0.4902 25.9939
0.4903 25.988
0.4904 25.9822
0.4905 25.9763
0.4906 25.9705
0.4907 25.9646
0.4908 25.9588
0.4909 25.9529
0.491 25.947
0.4911 25.9412
0.4912 25.9353
0.4913 25.9294
0.4914 25.9235
0.4915 25.9177
0.4916 25.9118
0.4917 25.9059
0.4918 25.9
0.4919 25.8941
0.492 25.8882
0.4921 25.8823
0.4922 25.8764
0.4923 25.8705
0.4924 25.8646
0.4925 25.8587
0.4926 25.8528
0.4927 25.8469
0.4928 25.8409
0.4929 25.835
0.493 25.8291
0.4931 25.8232
0.4932 25.8173
0.4933 25.8114
0.4934 25.8054
0.4935 25.7995
0.4936 25.7936
0.4937 25.7877
0.4938 25.7818
0.4939 25.7758
0.494 25.7699
0.4941 25.764
0.4942 25.7581
0.4943 25.7522
0.4944 25.7462
0.4945 25.7403
0.4946 25.7344
0.4947 25.7285
0.4948 25.7226
0.4949 25.7166
0.495 25.7107
0.4951 25.7048
0.4952 25.6989
0.4953 25.693
0.4954 25.6871
0.4955 25.6812
0.4956 25.6752
0.4957 25.6693
0.4958 25.6634
0.4959 25.6575
0.496 25.6516
0.4961 25.6457
0.4962 25.6398
0.4963 25.634
0.4964 25.6281
0.4965 25.6222
0.4966 25.6163
0.4967 25.6104
0.4968 25.6045
0.4969 25.5987
0.497 25.5928
0.4971 25.5869
0.4972 25.5811
0.4973 25.5752
0.4974 25.5694
0.4975 25.5635
0.4976 25.5577
0.4977 25.5518
0.4978 25.546
0.4979 25.5401
0.498 25.5343
0.4981 25.5285
0.4982 25.5227
0.4983 25.5169
0.4984 25.5111
0.4985 25.5053
0.4986 25.4995
0.4987 25.4937
0.4988 25.4879
0.4989 25.4821
0.499 25.4763
0.4991 25.4706
0.4992 25.4648
0.4993 25.459
0.4994 25.4533
0.4995 25.4475
0.4996 25.4418
0.4997 25.4361
0.4998 25.4303
0.4999 25.4246
0.5 25.4189
